./directory/kplr001027337_kasoc-psd_llc_v1.fits   4636.03 2.82284 74.21 6.937 0.0205024 0.419455
./directory/kplr001160789_kasoc-psd_llc_v1.fits   4729.55 2.35314 24.72 3.509 0.147322 0.235442
./directory/kplr001161447_kasoc-psd_llc_v1.fits   4776.11 2.43257 36.18 4.125 -0.0883568 0.342604
./directory/kplr001161618_kasoc-psd_llc_v2.fits   4741.98 2.45446 34.32 4.108 0.00363493 0.269027
./directory/kplr001162220_kasoc-psd_llc_v1.fits   4190.06 1.78178 11.0 1.668 0.0711627 0.275651
./directory/kplr001163114_kasoc-psd_llc_v1.fits   4285.82 2.01568 14.24 1.898 0.046633 0.340775
./directory/kplr001163359_kasoc-psd_llc_v1.fits   4571.93 2.21613 21.43 2.642 0.087494 0.17028
./directory/kplr001163621_kasoc-psd_llc_v2.fits   4933.18 2.52651 51.32 5.013 -0.203984 0.408586
./directory/kplr001294122_kasoc-psd_llc_v1.fits   4803.08 2.77503 75.62 7.022 -0.141116 0.373124
./directory/kplr001294385_kasoc-psd_llc_v1.fits   4818.8 2.93019 106.81 9.09 -0.20906 0.38278
./directory/kplr001296068_kasoc-psd_llc_v1.fits   4583.64 2.6262 59.56 6.14 0.0342293 0.185556
./directory/kplr001296507_kasoc-psd_llc_v1.fits   4944.54 3.08751 126.62 10.333 -0.0616002 0.360622
./directory/kplr001429505_kasoc-psd_llc_v1.fits   4678.47 2.60845 55.78 5.755 -0.0303104 0.230492
./directory/kplr001431059_kasoc-psd_llc_v1.fits   4825.52 3.0785 171.02 13.67 -0.0558966 0.339023
./directory/kplr001433730_kasoc-psd_llc_v2.fits   4727.21 2.3877 40.37 4.085 -0.190199 0.310821
./directory/kplr001433803_kasoc-psd_llc_v1.fits   4725.71 3.00576 150.14 12.178 -0.0552799 0.496326
./directory/kplr001435573_kasoc-psd_llc_v2.fits   4694.57 2.32464 25.71 3.641 -0.00252566 0.11639
./directory/kplr001569842_kasoc-psd_llc_v1.fits   4799.67 3.02499 135.02 11.768 0.0168287 0.149492
./directory/kplr001572175_kasoc-psd_llc_v1.fits   4725.11 2.63025 56.04 5.369 -0.103124 0.290506
./directory/kplr001572780_kasoc-psd_llc_v1.fits   4784.6 2.24423 18.15 2.638 0.00616455 0.156615
./directory/kplr001575886_kasoc-psd_llc_v1.fits   5065.62 2.68286 100.8 8.077 -0.143317 0.419383
./directory/kplr001576043_kasoc-psd_llc_v1.fits   4105.63 1.518 5.43 0.933 0.0126241 0.23718
./directory/kplr001576469_kasoc-psd_llc_v1.fits   5033.6 2.68259 90.4 7.407 -0.206356 0.406624
./directory/kplr001719297_kasoc-psd_llc_v2.fits   4232.73 1.73419 7.23 1.161 -0.0427462 0.236703
./directory/kplr001719422_kasoc-psd_llc_v1.fits   4945.25 2.97411 136.07 11.316 -0.176102 0.348848
./directory/kplr001720425_kasoc-psd_llc_v1.fits   4815.58 2.37068 28.12 3.742 -0.108355 0.203335
./directory/kplr001723047_kasoc-psd_llc_v1.fits   5005.78 2.74878 142.81 11.425 -0.0776274 0.244783
./directory/kplr001723752_kasoc-psd_llc_v1.fits   4993.77 3.14671 197.28 15.042 -0.166039 0.344911
./directory/kplr001723843_kasoc-psd_llc_v1.fits   4943.46 2.96716 108.0 9.41 -0.0761408 0.425194
./directory/kplr001725190_kasoc-psd_llc_v1.fits   5111.29 2.73742 98.48 7.894 -0.213276 0.422884
./directory/kplr001725552_kasoc-psd_llc_v2.fits   4325.8 1.78063 8.93 1.214 -0.115197 0.347973
./directory/kplr001726211_kasoc-psd_llc_v1.fits   4943.46 2.50007 30.7 3.699 -0.219669 0.480401
./directory/kplr001726291_kasoc-psd_llc_v1.fits   4817.49 2.98991 149.79 12.864 0.0285072 0.228003
./directory/kplr001864183_kasoc-psd_llc_v1.fits   4590.78 2.58709 54.12 5.505 -0.0791736 0.382443
./directory/kplr001864855_kasoc-psd_llc_v1.fits   4895.16 3.00501 124.78 10.444 -0.177324 0.341916
./directory/kplr001865262_kasoc-psd_llc_v1.fits   4761.79 2.76955 53.41 5.571 0.0607639 0.0798199
./directory/kplr001865595_kasoc-psd_llc_v2.fits   4359.91 2.01898 12.55 1.817 -0.0286167 0.193746
./directory/kplr001865747_kasoc-psd_llc_v2.fits   4755.96 2.79342 63.63 6.11 -0.125836 0.351864
./directory/kplr001867706_kasoc-psd_llc_v1.fits   4847.06 3.01354 105.14 8.758 -0.0985279 0.379696
./directory/kplr001868101_kasoc-psd_llc_v1.fits   4608.71 2.40802 31.86 3.818 0.0311801 0.41435
./directory/kplr001871314_kasoc-psd_llc_v1.fits   4552.74 2.64401 58.13 5.691 0.0576779 0.474513
./directory/kplr001871927_kasoc-psd_llc_v1.fits   4650.7 2.67276 65.85 6.418 0.000489265 0.40007
./directory/kplr001872166_kasoc-psd_llc_v1.fits   4984.27 2.65334 77.7 6.726 -0.169684 0.431066
./directory/kplr001872469_kasoc-psd_llc_v1.fits   4657.12 2.60596 56.85 5.702 -0.0449619 0.37238
./directory/kplr001872517_kasoc-psd_llc_v1.fits   4556.56 2.2256 25.56 3.279 0.0507027 0.175685
./directory/kplr001873510_kasoc-psd_llc_v1.fits   4999.61 2.39802 30.34 3.825 -0.0776446 0.42054
./directory/kplr001995358_kasoc-psd_llc_v1.fits   4868.06 2.33846 23.69 3.294 -0.0572225 0.294146
./directory/kplr001995859_kasoc-psd_llc_v1.fits   4932.09 2.51431 46.09 4.78 -0.152435 0.349925
./directory/kplr001996078_kasoc-psd_llc_v1.fits   4803.93 2.8019 82.66 7.758 -0.0385239 0.278616
./directory/kplr001996415_kasoc-psd_llc_v1.fits   4733.43 2.88114 125.59 10.8 -0.028309 0.285858
./directory/kplr002010137_kasoc-psd_llc_v1.fits   4063.04 1.77101 6.15 1.074 0.0664682 0.394222
./directory/kplr002011582_kasoc-psd_llc_v1.fits   4644.58 2.52258 39.92 3.87 0.0712478 0.484164
./directory/kplr002011891_kasoc-psd_llc_v1.fits   4680.52 2.99205 113.24 9.698 0.0233963 0.387566
./directory/kplr002013502_kasoc-psd_llc_v1.fits   4896.56 2.58105 61.48 5.666 -0.251437 0.303243
./directory/kplr002014684_kasoc-psd_llc_v1.fits   4303.87 1.77126 5.89 1.118 -0.0805072 0.207284
./directory/kplr002015820_kasoc-psd_llc_v1.fits   4827.03 2.4887 45.49 4.628 -0.158457 0.339303
./directory/kplr002016676_kasoc-psd_llc_v1.fits   4984.21 2.92752 81.28 6.955 -0.303121 0.601379
./directory/kplr002016706_kasoc-psd_llc_v1.fits   4795.92 2.4369 38.33 4.354 -0.118273 0.303527
./directory/kplr002016978_kasoc-psd_llc_v1.fits   4733.68 2.752 75.77 7.207 -0.0684107 0.339102
./directory/kplr002018392_kasoc-psd_llc_v2.fits   4664.03 2.43366 33.92 3.795 -0.138326 0.323544
./directory/kplr002018537_kasoc-psd_llc_v1.fits   4835.7 3.11907 182.49 13.828 -0.11807 0.51308
./directory/kplr002140446_kasoc-psd_llc_v1.fits   4549.9 2.61412 57.6 5.673 0.0255102 0.386879
./directory/kplr002141255_kasoc-psd_llc_v1.fits   4901.97 2.95022 147.82 12.371 -0.17466 0.29627
./directory/kplr002141932_kasoc-psd_llc_v1.fits   4399.64 2.22316 24.53 3.014 0.0235957 0.439891
./directory/kplr002155869_kasoc-psd_llc_v1.fits   4740.72 2.88593 92.7 8.116 -0.0628634 0.447114
./directory/kplr002157650_kasoc-psd_llc_v1.fits   4832.13 3.00386 138.38 11.328 -0.148869 0.444921
./directory/kplr002159864_kasoc-psd_llc_v1.fits   4910.8 2.57119 76.87 6.946 -0.115197 0.207203
./directory/kplr002160901_kasoc-psd_llc_v1.fits   4668.41 2.69171 58.84 5.673 -0.112703 0.505747
./directory/kplr002161831_kasoc-psd_llc_v1.fits   4899.68 2.9919 145.52 12.406 -0.0318373 0.126395
./directory/kplr002164262_kasoc-psd_llc_v1.fits   4685.68 2.6511 61.05 5.97 -0.0695824 0.343193
./directory/kplr002164327_kasoc-psd_llc_v1.fits   4839.1 2.57515 45.01 4.671 -0.100714 0.380306
./directory/kplr002164379_kasoc-psd_llc_v1.fits   4662.13 3.0143 120.96 10.26 0.0185107 0.406705
./directory/kplr002164874_kasoc-psd_llc_v1.fits   4422.91 2.05234 12.17 1.742 -0.141072 0.435408
./directory/kplr002165198_kasoc-psd_llc_v1.fits   4810.7 2.86135 88.75 7.742 -0.170854 0.441676
./directory/kplr002165450_kasoc-psd_llc_v1.fits   5030.15 2.73838 105.68 8.135 -0.123915 0.469065
./directory/kplr002165615_kasoc-psd_llc_v1.fits   5031.72 2.43277 37.78 4.161 -0.161573 0.520027
./directory/kplr002166223_kasoc-psd_llc_v1.fits   4785.75 2.73305 66.37 6.491 -0.132744 0.477277
./directory/kplr002283093_kasoc-psd_llc_v2.fits   4564.81 2.26071 12.14 1.513 -0.0917351 0.430495
./directory/kplr002283721_kasoc-psd_llc_v1.fits   4755.19 2.75614 79.73 7.787 0.064185 0.11874
./directory/kplr002284330_kasoc-psd_llc_v1.fits   4854.48 2.37302 28.73 3.643 -0.185039 0.263911
./directory/kplr002284679_kasoc-psd_llc_v1.fits   4872.34 3.1719 198.02 16.15 0.0651647 0.0328277
./directory/kplr002285827_kasoc-psd_llc_v1.fits   4750.12 3.07553 167.32 13.21 -0.0161602 0.520395
./directory/kplr002285898_kasoc-psd_llc_v1.fits   4790.94 2.38023 24.82 3.794 0.173584 0.218634
./directory/kplr002297785_kasoc-psd_llc_v1.fits   4930.73 2.51237 48.68 4.672 -0.138963 0.380717
./directory/kplr002297825_kasoc-psd_llc_v1.fits   4550.05 2.45189 31.4 3.79 0.120133 0.288053
./directory/kplr002300329_kasoc-psd_llc_v1.fits   4359.36 2.12004 15.6 2.191 -0.0129886 0.284873
./directory/kplr002303101_kasoc-psd_llc_v1.fits   4739.08 3.04224 170.06 13.872 -0.0314005 0.287693
./directory/kplr002303200_kasoc-psd_llc_v1.fits   4634.81 2.55439 54.69 5.667 -0.0604372 0.181617
./directory/kplr002303414_kasoc-psd_llc_v2.fits   4780.74 2.79462 65.29 6.266 -0.100892 0.259449
./directory/kplr002304104_kasoc-psd_llc_v1.fits   4599.27 2.45216 34.04 3.92 0.0175571 0.49641
./directory/kplr002305145_kasoc-psd_llc_v1.fits   5063.8 2.69383 103.03 8.295 -0.351509 0.486401
./directory/kplr002305407_kasoc-psd_llc_v1.fits   5025.14 3.16153 170.48 13.082 -0.213702 0.354768
./directory/kplr002305479_kasoc-psd_llc_v1.fits   4628.73 2.80527 79.1 7.422 -0.0620569 0.371223
./directory/kplr002305590_kasoc-psd_llc_v1.fits   4603.84 2.64174 49.46 5.299 0.198286 0.0909043
./directory/kplr002305987_kasoc-psd_llc_v1.fits   4659.06 2.69363 53.45 5.489 0.00339201 0.253808
./directory/kplr002305992_kasoc-psd_llc_v1.fits   4757.0 2.90903 101.0 8.88 -0.0242929 0.400567
./directory/kplr002306481_kasoc-psd_llc_v1.fits   4935.21 2.51621 36.59 4.2 0.00441581 0.284725
./directory/kplr002307683_kasoc-psd_llc_v1.fits   4750.19 2.59481 39.95 4.309 -0.118238 0.216732
./directory/kplr002309469_kasoc-psd_llc_v2.fits   4613.23 2.311 28.3 3.541 -0.0421588 0.272786
./directory/kplr002309550_kasoc-psd_llc_v1.fits   4883.33 2.51835 50.32 5.056 -0.234929 0.388601
./directory/kplr002422073_kasoc-psd_llc_v2.fits   4489.03 2.3307 26.15 3.247 -0.0211119 0.286911
./directory/kplr002422635_kasoc-psd_llc_v1.fits   4843.72 2.95441 109.27 9.384 -0.0965382 0.294917
./directory/kplr002423824_kasoc-psd_llc_v1.fits   4958.12 2.44184 22.02 2.686 -0.639198 0.607102
./directory/kplr002423932_kasoc-psd_llc_v1.fits   4284.34 2.07633 18.51 2.368 0.0338129 0.371421
./directory/kplr002424934_kasoc-psd_llc_v1.fits   4853.33 2.45013 33.7 3.988 -0.0651483 0.312451
./directory/kplr002424955_kasoc-psd_llc_v1.fits   4680.28 2.59423 51.65 5.378 -0.1196 0.32552
./directory/kplr002425631_kasoc-psd_llc_v2.fits   4556.55 2.2222 21.12 2.568 -0.132262 0.286288
./directory/kplr002435987_kasoc-psd_llc_v1.fits   4434.16 2.50832 38.54 4.203 0.0757509 0.322983
./directory/kplr002436209_kasoc-psd_llc_v1.fits   4498.36 2.69722 57.88 5.724 0.0770254 0.240555
./directory/kplr002436417_kasoc-psd_llc_v1.fits   4487.53 2.41189 27.08 3.454 0.097256 0.325096
./directory/kplr002437040_kasoc-psd_llc_v1.fits   4301.92 2.38603 25.59 3.065 0.0871497 0.321136
./directory/kplr002437191_kasoc-psd_llc_v1.fits   4747.98 3.01026 133.93 11.123 -0.00159769 0.360949
./directory/kplr002437340_kasoc-psd_llc_v1.fits   4061.31 1.7354 8.48 1.372 0.109117 0.399194
./directory/kplr002437353_kasoc-psd_llc_v1.fits   4537.25 2.47931 32.05 3.859 0.0991555 0.279285
./directory/kplr002437507_kasoc-psd_llc_v1.fits   4270.58 2.25274 20.55 2.606 0.0762372 0.345177
./directory/kplr002437564_kasoc-psd_llc_v1.fits   4521.06 2.43341 32.83 3.836 0.0946902 0.2881
./directory/kplr002437692_kasoc-psd_llc_v1.fits   4814.28 2.58061 44.85 4.774 -0.0874844 0.411166
./directory/kplr002437816_kasoc-psd_llc_v1.fits   4249.12 2.14505 17.72 2.344 0.0737935 0.358526
./directory/kplr002438333_kasoc-psd_llc_v1.fits   4522.39 2.62946 61.3 6.07 0.0151592 0.382548
./directory/kplr002438368_kasoc-psd_llc_v1.fits   4848.75 2.68478 84.73 7.029 -0.102429 0.672941
./directory/kplr002441995_kasoc-psd_llc_v1.fits   4830.98 2.41164 29.53 4.021 0.0926467 0.190481
./directory/kplr002442483_kasoc-psd_llc_v1.fits   4673.73 2.75564 99.67 9.227 0.0357331 0.22713
./directory/kplr002442559_kasoc-psd_llc_v1.fits   4954.69 2.54232 42.43 4.643 -0.108111 0.278829
./directory/kplr002443573_kasoc-psd_llc_v1.fits   4720.93 2.58346 45.65 4.656 -0.173456 0.400484
./directory/kplr002443903_kasoc-psd_llc_v1.fits   4787.05 2.77309 66.53 6.956 -0.0282807 0.0965813
./directory/kplr002444062_kasoc-psd_llc_v1.fits   5006.77 2.60293 56.07 4.979 -0.0321542 0.374105
./directory/kplr002444348_kasoc-psd_llc_v2.fits   4551.76 2.38157 30.57 3.268 -0.101379 0.43317
./directory/kplr002446327_kasoc-psd_llc_v1.fits   4600.88 2.70509 54.44 5.563 0.0720313 0.231057
./directory/kplr002447476_kasoc-psd_llc_v1.fits   4704.49 2.87875 86.97 7.84 -0.0498259 0.524565
./directory/kplr002447529_kasoc-psd_llc_v1.fits   5030.4 3.23296 109.36 8.404 -0.289971 0.468919
./directory/kplr002447604_kasoc-psd_llc_v1.fits   4933.13 2.602 54.4 5.023 -0.213788 0.447672
./directory/kplr002448225_kasoc-psd_llc_v1.fits   4671.72 2.45636 36.56 4.01 -0.070992 0.499875
./directory/kplr002448679_kasoc-psd_llc_v1.fits   4840.21 2.47197 39.0 4.332 -0.102052 0.313998
./directory/kplr002449518_kasoc-psd_llc_v1.fits   5040.5 2.75967 84.06 7.27 -0.130752 0.472078
./directory/kplr002449558_kasoc-psd_llc_v1.fits   4895.56 2.60559 89.52 7.57 -0.0947989 0.390921
./directory/kplr002449703_kasoc-psd_llc_v1.fits   4644.56 2.36061 31.99 3.972 0.056541 0.282127
./directory/kplr002451509_kasoc-psd_llc_v1.fits   4891.77 2.89971 81.67 7.131 -0.20268 0.30074
./directory/kplr002554924_kasoc-psd_llc_v1.fits   4638.17 2.45634 35.12 4.004 0.0559167 0.374115
./directory/kplr002556252_kasoc-psd_llc_v1.fits   4398.21 2.09319 17.29 2.472 0.0826716 0.209019
./directory/kplr002556640_kasoc-psd_llc_v1.fits   4880.04 2.47783 39.87 4.435 -0.0563716 0.290073
./directory/kplr002558794_kasoc-psd_llc_v1.fits   4785.52 2.39632 35.32 4.131 -0.0455071 0.291771
./directory/kplr002568912_kasoc-psd_llc_v1.fits   4719.03 3.00196 129.47 11.27 0.109404 0.15361
./directory/kplr002569055_kasoc-psd_llc_v1.fits   4527.63 2.47601 30.05 3.719 0.102658 0.307678
./directory/kplr002569360_kasoc-psd_llc_v1.fits   4304.17 2.32862 21.61 2.745 0.0877157 0.335496
./directory/kplr002569618_kasoc-psd_llc_v1.fits   4479.94 2.70976 56.19 5.662 0.0933025 0.266032
./directory/kplr002570172_kasoc-psd_llc_v1.fits   4536.89 2.79346 73.69 7.024 0.00856733 0.133147
./directory/kplr002570214_kasoc-psd_llc_v1.fits   4498.38 2.77626 28.69 3.562 0.194898 0.272148
./directory/kplr002570715_kasoc-psd_llc_v1.fits   4691.53 2.31659 28.56 3.406 0.101899 0.243975
./directory/kplr002575024_kasoc-psd_llc_v1.fits   4711.6 2.41596 32.99 3.919 0.104817 0.330274
./directory/kplr002576417_kasoc-psd_llc_v1.fits   4528.52 2.62328 59.18 5.917 0.0875124 0.26267
./directory/kplr002578198_kasoc-psd_llc_v1.fits   4797.94 2.80835 67.91 6.544 -0.106606 0.257982
./directory/kplr002578581_kasoc-psd_llc_v1.fits   4991.48 3.19458 209.16 15.946 -0.0804355 0.269282
./directory/kplr002579661_kasoc-psd_llc_v1.fits   4935.65 3.08675 138.35 11.151 -0.153961 0.271769
./directory/kplr002580691_kasoc-psd_llc_v1.fits   4567.72 2.56115 57.06 5.792 -0.0632572 0.290351
./directory/kplr002581533_kasoc-psd_llc_v1.fits   4684.08 2.66528 54.61 5.399 -0.0747133 0.327351
./directory/kplr002583386_kasoc-psd_llc_v1.fits   4741.58 2.79844 72.72 6.339 -0.115007 0.608143
./directory/kplr002583884_kasoc-psd_llc_v1.fits   4950.79 2.58725 56.93 5.537 -0.160658 0.286252
./directory/kplr002584477_kasoc-psd_llc_v1.fits   4781.67 2.9484 112.16 9.749 -0.0521895 0.419281
./directory/kplr002584478_kasoc-psd_llc_v1.fits   4862.86 3.10341 180.05 13.918 -0.183897 0.335193
./directory/kplr002693967_kasoc-psd_llc_v1.fits   5096.44 2.66063 84.48 7.027 -0.146702 0.521988
./directory/kplr002695267_kasoc-psd_llc_v1.fits   4798.9 2.39374 29.73 3.988 0.13214 0.17498
./directory/kplr002695975_kasoc-psd_llc_v2.fits   4373.34 1.91876 10.28 1.55 -0.0521955 0.324309
./directory/kplr002696115_kasoc-psd_llc_v1.fits   4488.63 2.26674 20.46 2.326 -0.0384165 0.381241
./directory/kplr002696732_kasoc-psd_llc_v1.fits   4818.34 2.8381 91.08 8.331 -0.157121 0.249159
./directory/kplr002696739_kasoc-psd_llc_v1.fits   4949.75 3.11631 193.25 15.049 -0.129188 0.242342
./directory/kplr002697082_kasoc-psd_llc_v1.fits   4821.04 2.45537 31.32 3.328 -0.0805204 0.50288
./directory/kplr002697501_kasoc-psd_llc_v1.fits   4853.89 2.76005 50.64 4.898 -0.360825 0.657285
./directory/kplr002710002_kasoc-psd_llc_v1.fits   3959.13 1.49128 5.35 0.979 0.111759 0.4485
./directory/kplr002710194_kasoc-psd_llc_v1.fits   4535.02 2.55901 59.05 5.991 0.0293854 0.28323
./directory/kplr002710472_kasoc-psd_llc_v1.fits   4730.94 2.64158 45.77 4.659 -0.18337 0.40402
./directory/kplr002711432_kasoc-psd_llc_v1.fits   4354.4 1.91936 9.62 1.537 -0.037204 0.365527
./directory/kplr002711477_kasoc-psd_llc_v1.fits   4657.6 2.29832 14.14 2.158 -0.042767 0.273097
./directory/kplr002712761_kasoc-psd_llc_v1.fits   4626.35 2.66307 58.81 5.984 0.00128368 0.110112
./directory/kplr002713305_kasoc-psd_llc_v1.fits   4536.29 2.63131 56.49 5.589 0.0401687 0.464676
./directory/kplr002714090_kasoc-psd_llc_v1.fits   4876.6 2.57936 52.7 5.095 -0.120475 0.412415
./directory/kplr002714397_kasoc-psd_llc_v1.fits   4852.2 2.40848 33.08 4.181 0.101343 0.140536
./directory/kplr002714785_kasoc-psd_llc_v1.fits   4708.61 2.91424 116.05 10.413 0.0420473 0.196024
./directory/kplr002716608_kasoc-psd_llc_v1.fits   5077.81 2.60236 67.73 5.78 -0.286815 0.472685
./directory/kplr002719113_kasoc-psd_llc_v1.fits   4582.73 2.41735 32.6 3.981 -0.0183484 0.248976
./directory/kplr002719795_kasoc-psd_llc_v1.fits   4645.74 2.63474 53.54 5.486 -0.0399401 0.338359
./directory/kplr002720096_kasoc-psd_llc_v1.fits   4909.52 2.65492 110.0 9.091 -0.106718 0.395732
./directory/kplr002720777_kasoc-psd_llc_v1.fits   4979.02 3.07014 133.49 10.502 -0.183254 0.385596
./directory/kplr002831788_kasoc-psd_llc_v1.fits   4617.08 2.61716 54.36 5.467 -0.0600478 0.32925
./directory/kplr002831815_kasoc-psd_llc_v1.fits   4589.35 2.67093 52.88 5.61 0.108018 0.193185
./directory/kplr002832426_kasoc-psd_llc_v1.fits   4736.12 2.64154 47.31 4.828 -0.0666114 0.30293
./directory/kplr002835067_kasoc-psd_llc_v1.fits   4854.76 2.77594 82.36 7.596 -0.0622962 0.291661
./directory/kplr002835283_kasoc-psd_llc_v1.fits   4657.37 2.44378 44.55 5.05 0.0299076 0.0922166
./directory/kplr002835657_kasoc-psd_llc_v1.fits   4899.24 2.88462 86.27 7.812 -0.142996 0.315165
./directory/kplr002835720_kasoc-psd_llc_v1.fits   4707.38 2.63653 59.73 5.98 -0.11015 0.25392
./directory/kplr002836038_kasoc-psd_llc_v1.fits   4634.29 2.45921 37.33 4.248 -0.0271623 0.422473
./directory/kplr002837276_kasoc-psd_llc_v1.fits   4589.66 2.58202 57.13 5.73 -0.0166347 0.367115
./directory/kplr002846051_kasoc-psd_llc_v1.fits   4295.67 1.82717 6.82 1.107 -0.134856 0.298374
./directory/kplr002846659_kasoc-psd_llc_v1.fits   4725.02 2.92216 99.97 9.299 0.0619598 0.139978
./directory/kplr002846944_kasoc-psd_llc_v1.fits   4268.79 1.83528 8.22 1.415 0.0925218 0.174856
./directory/kplr002847114_kasoc-psd_llc_v1.fits   4314.15 1.93257 7.66 1.348 -0.00383875 0.339693
./directory/kplr002848887_kasoc-psd_llc_v1.fits   4660.62 2.61795 44.61 4.588 -0.115508 0.402012
./directory/kplr002849476_kasoc-psd_llc_v1.fits   4580.06 2.24574 17.3 2.205 -0.268208 0.659452
./directory/kplr002850010_kasoc-psd_llc_v1.fits   4817.89 2.71452 53.71 5.296 0.058015 0.183655
./directory/kplr002850480_kasoc-psd_llc_v1.fits   4534.7 2.57851 55.81 5.616 -0.102734 0.301002
./directory/kplr002854297_kasoc-psd_llc_v1.fits   4677.57 2.38208 30.59 3.967 0.102505 0.233744
./directory/kplr002856328_kasoc-psd_llc_v1.fits   4695.07 2.79215 71.34 6.708 -0.030177 0.45453
./directory/kplr002856795_kasoc-psd_llc_v1.fits   4999.04 2.70112 97.07 7.731 -0.235548 0.629202
./directory/kplr002858440_kasoc-psd_llc_v1.fits   4807.84 2.50735 46.9 4.826 -0.170276 0.423354
./directory/kplr002860010_kasoc-psd_llc_v1.fits   5013.62 2.64473 78.95 6.844 -0.215453 0.512857
./directory/kplr002860746_kasoc-psd_llc_v1.fits   4346.1 2.00372 12.34 1.822 0.0284165 0.119463
./directory/kplr002970396_kasoc-psd_llc_v1.fits   4641.16 2.37781 30.51 3.818 0.0938903 0.208108
./directory/kplr002970584_kasoc-psd_llc_v1.fits   4609.67 2.64602 63.36 6.38 0.0907303 0.223022
./directory/kplr002971432_kasoc-psd_llc_v1.fits   4886.55 3.10732 182.31 13.715 -0.159494 0.504726
./directory/kplr002972545_kasoc-psd_llc_v1.fits   4922.39 3.0738 133.81 10.725 -0.125618 0.374702
./directory/kplr002973894_kasoc-psd_llc_v1.fits   4935.21 2.28022 27.58 3.855 0.518988 0.404088
./directory/kplr002975717_kasoc-psd_llc_v1.fits   4418.15 2.24867 27.86 3.409 0.110334 0.262744
./directory/kplr002984102_kasoc-psd_llc_v1.fits   5047.23 2.64493 67.65 5.565 -0.234334 0.449766
./directory/kplr002984382_kasoc-psd_llc_v1.fits   5019.23 3.20935 209.78 15.459 -0.133262 0.237128
./directory/kplr002987113_kasoc-psd_llc_v1.fits   4548.7 2.4167 33.46 3.857 0.064909 0.552065
./directory/kplr002988638_kasoc-psd_llc_v1.fits   4979.23 2.65675 90.9 7.47 -0.191513 0.556637
./directory/kplr002988988_kasoc-psd_llc_v1.fits   4719.6 2.50604 38.06 4.303 -0.161023 0.386357
./directory/kplr002992350_kasoc-psd_llc_v1.fits   4871.57 2.48142 45.65 4.731 -0.146124 0.301156
./directory/kplr002993958_kasoc-psd_llc_v1.fits   4806.32 2.53311 46.66 4.707 -0.0857337 0.33088
./directory/kplr002995197_kasoc-psd_llc_v1.fits   4268.26 1.89734 9.91 1.56 -0.0446104 0.280002
./directory/kplr002995753_kasoc-psd_llc_v1.fits   4733.71 2.64395 48.23 5.116 -0.0261648 0.225085
./directory/kplr002996019_kasoc-psd_llc_v1.fits   4682.52 2.43858 31.56 3.888 -0.0508944 0.304297
./directory/kplr002996112_kasoc-psd_llc_v1.fits   4691.09 2.37429 31.18 3.898 0.0305887 0.339893
./directory/kplr002998532_kasoc-psd_llc_v1.fits   4782.76 2.88639 105.16 9.303 -0.0380052 0.270657
./directory/kplr003096473_kasoc-psd_llc_v1.fits   4587.7 2.50863 37.32 4.286 -0.0371487 0.219392
./directory/kplr003098179_kasoc-psd_llc_v1.fits   4801.34 2.96198 137.69 11.943 0.0136467 0.201866
./directory/kplr003098716_kasoc-psd_llc_v1.fits   4914.78 2.4204 31.45 4.149 0.0916283 0.146442
./directory/kplr003099834_kasoc-psd_llc_v1.fits   4573.94 2.49991 46.03 4.985 -0.00966123 0.181597
./directory/kplr003099949_kasoc-psd_llc_v1.fits   4911.77 2.43022 33.04 4.209 0.0316463 0.185626
./directory/kplr003100053_kasoc-psd_llc_v1.fits   4692.28 2.38532 30.13 4.007 0.101102 0.184962
./directory/kplr003100193_kasoc-psd_llc_v1.fits   4363.93 2.39155 30.6 3.467 0.0684903 0.420132
./directory/kplr003100505_kasoc-psd_llc_v1.fits   4555.24 2.46114 34.48 4.026 -0.0214805 0.113439
./directory/kplr003101632_kasoc-psd_llc_v1.fits   4591.54 2.4472 29.43 3.681 0.0274681 0.343617
./directory/kplr003102386_kasoc-psd_llc_v1.fits   4543.51 2.22148 19.34 2.491 -0.0468923 0.237105
./directory/kplr003102411_kasoc-psd_llc_v1.fits   4823.49 2.97876 139.36 12.224 -0.00752604 0.112733
./directory/kplr003102479_kasoc-psd_llc_v1.fits   4714.0 2.44801 38.39 4.302 -0.0741152 0.477399
./directory/kplr003103685_kasoc-psd_llc_v1.fits   4321.08 2.09105 17.05 2.257 -0.0594687 0.220015
./directory/kplr003103827_kasoc-psd_llc_v1.fits   4675.01 2.6314 51.57 5.554 0.0845338 0.129927
./directory/kplr003109520_kasoc-psd_llc_v1.fits   4564.89 2.68054 58.53 5.839 0.00796172 0.333584
./directory/kplr003110460_kasoc-psd_llc_v1.fits   4260.6 1.77965 7.43 1.385 0.0916914 0.270359
./directory/kplr003110626_kasoc-psd_llc_v1.fits   4664.64 2.53301 45.87 5.038 -0.0259105 0.141135
./directory/kplr003110733_kasoc-psd_llc_v1.fits   4672.64 2.69558 56.45 5.409 -0.0535733 0.518533
./directory/kplr003111383_kasoc-psd_llc_v1.fits   4985.38 3.31773 234.58 18.21 -0.0775516 0.139102
./directory/kplr003111815_kasoc-psd_llc_v1.fits   4704.84 2.83602 78.09 7.182 -0.0420487 0.457921
./directory/kplr003111831_kasoc-psd_llc_v1.fits   4687.23 3.02338 122.97 10.374 0.0934718 0.324084
./directory/kplr003112182_kasoc-psd_llc_v1.fits   4421.27 2.22415 23.54 3.04 0.0831259 0.24581
./directory/kplr003113433_kasoc-psd_llc_v1.fits   4583.14 2.63133 53.38 5.44 0.0217577 0.421438
./directory/kplr003113648_kasoc-psd_llc_v1.fits   4641.21 2.82928 86.78 8.036 -0.0183855 0.301915
./directory/kplr003113818_kasoc-psd_llc_v1.fits   5013.07 3.20692 223.72 16.251 -0.122448 0.468732
./directory/kplr003113915_kasoc-psd_llc_v1.fits   4618.19 2.33501 24.15 2.92 -0.10078 0.300027
./directory/kplr003114215_kasoc-psd_llc_v1.fits   4581.41 2.52634 48.17 5.125 0.11972 0.30222
./directory/kplr003114408_kasoc-psd_llc_v1.fits   4545.75 2.32443 30.79 3.434 -0.12256 0.366
./directory/kplr003115946_kasoc-psd_llc_v1.fits   4767.66 2.87268 93.72 8.097 -0.110446 0.449374
./directory/kplr003119526_kasoc-psd_llc_v1.fits   4874.29 2.43081 38.72 4.349 -0.0860254 0.307416
./directory/kplr003119555_kasoc-psd_llc_v1.fits   4719.52 2.87348 84.15 7.654 -0.0912953 0.423089
./directory/kplr003121427_kasoc-psd_llc_v1.fits   5002.33 3.11674 158.52 13.426 -0.00936711 -0.00277
./directory/kplr003121940_kasoc-psd_llc_v1.fits   4686.0 2.35111 28.14 3.741 0.0621535 0.236138
./directory/kplr003122185_kasoc-psd_llc_v1.fits   5031.42 2.75735 99.99 7.842 -0.25573 0.58497
./directory/kplr003123653_kasoc-psd_llc_v1.fits   4923.59 2.84104 97.5 9.096 -0.00477213 0.191882
./directory/kplr003128866_kasoc-psd_llc_v1.fits   4922.44 2.70964 80.51 6.741 -0.122408 0.567922
./directory/kplr003129312_kasoc-psd_llc_v1.fits   4799.59 3.04018 151.03 12.587 0.06631 0.191426
./directory/kplr003130335_kasoc-psd_llc_v1.fits   4974.71 3.16902 176.76 14.244 -0.0941144 0.229447
./directory/kplr003215565_kasoc-psd_llc_v1.fits   4823.09 2.42881 31.72 4.115 -0.0258184 0.213227
./directory/kplr003216467_kasoc-psd_llc_v1.fits   4507.82 2.47778 31.74 3.851 0.0983389 0.319251
./directory/kplr003216716_kasoc-psd_llc_v1.fits   4554.45 2.58291 50.32 5.373 0.0616941 0.203347
./directory/kplr003217051_kasoc-psd_llc_v1.fits   4654.43 2.46917 37.01 4.26 -0.0287213 0.392314
./directory/kplr003218312_kasoc-psd_llc_v1.fits   4765.09 2.82699 78.48 7.411 -0.0617022 0.308893
./directory/kplr003218930_kasoc-psd_llc_v1.fits   4611.87 2.59434 49.35 5.203 -0.0178465 0.296009
./directory/kplr003219744_kasoc-psd_llc_v1.fits   4769.36 2.59781 47.25 5.066 -0.0547713 0.263698
./directory/kplr003221086_kasoc-psd_llc_v1.fits   4767.12 2.82746 84.39 7.82 -0.0137565 0.246497
./directory/kplr003221239_kasoc-psd_llc_v1.fits   4764.63 2.97583 124.04 10.469 -0.0800219 0.424676
./directory/kplr003222220_kasoc-psd_llc_v1.fits   4714.71 2.39607 29.83 3.713 -0.104544 0.273436
./directory/kplr003222240_kasoc-psd_llc_v1.fits   4445.12 2.23341 25.84 3.188 0.0865701 0.234078
./directory/kplr003222670_kasoc-psd_llc_v1.fits   4881.36 2.39732 34.31 4.054 -0.120038 0.276622
./directory/kplr003222740_kasoc-psd_llc_v1.fits   4855.32 2.8825 75.37 6.895 -0.116116 0.261114
./directory/kplr003222834_kasoc-psd_llc_v1.fits   4751.7 3.03331 169.74 13.923 -0.000959378 0.186402
./directory/kplr003230719_kasoc-psd_llc_v1.fits   4654.27 2.61537 56.48 5.339 -0.033015 0.453018
./directory/kplr003231503_kasoc-psd_llc_v1.fits   4780.48 2.49231 43.06 4.336 -0.167671 0.368899
./directory/kplr003232813_kasoc-psd_llc_v1.fits   4788.94 2.41817 32.98 4.025 -0.0256193 0.288757
./directory/kplr003232838_kasoc-psd_llc_v1.fits   4707.25 2.40832 37.14 4.208 -0.148537 0.519273
./directory/kplr003234655_kasoc-psd_llc_v1.fits   4969.38 2.51313 42.29 4.534 -0.0868001 0.373053
./directory/kplr003234666_kasoc-psd_llc_v1.fits   4612.3 2.63181 50.78 5.08 -0.0426188 0.482582
./directory/kplr003234703_kasoc-psd_llc_v1.fits   5078.22 2.71052 81.36 6.82 -0.227062 0.591888
./directory/kplr003235616_kasoc-psd_llc_v2.fits   5019.87 2.75083 105.18 8.344 -0.227405 0.442285
./directory/kplr003236108_kasoc-psd_llc_v1.fits   4815.62 2.40274 39.19 4.356 0.131455 0.275485
./directory/kplr003236379_kasoc-psd_llc_v1.fits   4748.32 2.7725 59.9 5.848 -0.0647234 0.28322
./directory/kplr003237572_kasoc-psd_llc_v1.fits   4535.81 2.44999 33.33 3.688 0.00377528 0.372108
./directory/kplr003238303_kasoc-psd_llc_v1.fits   4862.56 2.97956 126.82 11.184 -0.0310315 0.16856
./directory/kplr003238859_kasoc-psd_llc_v1.fits   4861.08 2.49315 52.14 5.095 -0.226757 0.393253
./directory/kplr003238956_kasoc-psd_llc_v1.fits   4531.92 2.50426 49.6 5.139 -0.00373578 0.263236
./directory/kplr003240119_kasoc-psd_llc_v1.fits   4771.62 2.93198 91.25 8.018 -0.0784471 0.409756
./directory/kplr003240670_kasoc-psd_llc_v1.fits   4972.77 3.1302 159.56 12.141 -0.193408 0.467672
./directory/kplr003241374_kasoc-psd_llc_v1.fits   4828.97 2.44816 38.25 4.196 -0.246253 0.392257
./directory/kplr003241947_kasoc-psd_llc_v1.fits   4668.98 2.73703 59.37 5.685 -0.123747 0.502683
./directory/kplr003247334_kasoc-psd_llc_v1.fits   4748.57 2.73557 80.06 7.733 -0.0815831 0.223287
./directory/kplr003247570_kasoc-psd_llc_v1.fits   4768.12 2.55658 41.19 4.274 0.065335 0.306118
./directory/kplr003248982_kasoc-psd_llc_v1.fits   4554.8 2.57233 56.91 5.629 0.0317479 0.425197
./directory/kplr003323401_kasoc-psd_llc_v1.fits   4699.82 2.4695 31.22 3.944 0.0664971 0.130941
./directory/kplr003323943_kasoc-psd_llc_v1.fits   4810.09 2.41568 32.92 4.053 -0.085783 0.262231
./directory/kplr003325179_kasoc-psd_llc_v1.fits   4688.13 2.69749 57.53 5.852 -0.0590505 0.339913
./directory/kplr003326233_kasoc-psd_llc_v1.fits   4524.71 2.66813 64.89 6.375 0.0634353 0.315512
./directory/kplr003326392_kasoc-psd_llc_v1.fits   4774.2 2.96069 123.1 10.644 -0.0688528 0.21706
./directory/kplr003326790_kasoc-psd_llc_v1.fits   4646.99 2.37214 26.6 3.609 0.167093 0.118203
./directory/kplr003336731_kasoc-psd_llc_v1.fits   4923.85 2.52872 41.26 4.429 -0.107389 0.312531
./directory/kplr003337536_kasoc-psd_llc_v1.fits   4805.62 2.92447 111.34 10.155 0.0572417 0.211882
./directory/kplr003337581_kasoc-psd_llc_v1.fits   4800.23 2.58848 46.08 4.702 -0.0694709 0.564956
./directory/kplr003337740_kasoc-psd_llc_v1.fits   4947.7 3.02281 126.75 10.511 -0.13722 0.28554
./directory/kplr003338252_kasoc-psd_llc_v1.fits   4771.81 2.66254 65.27 6.213 0.012265 0.248805
./directory/kplr003339519_kasoc-psd_llc_v1.fits   4634.41 2.58334 59.71 6.223 0.0907504 0.251526
./directory/kplr003342658_kasoc-psd_llc_v1.fits   4842.89 2.49679 36.5 4.197 -0.0875248 0.270665
./directory/kplr003343621_kasoc-psd_llc_v1.fits   4627.04 2.28317 22.77 2.967 0.0037052 0.234539
./directory/kplr003343630_kasoc-psd_llc_v1.fits   4664.31 2.79151 87.63 7.937 -0.0171106 0.330517
./directory/kplr003346227_kasoc-psd_llc_v1.fits   4542.93 2.63545 69.11 6.718 0.0901629 0.344572
./directory/kplr003346398_kasoc-psd_llc_v1.fits   4864.28 2.46727 44.42 4.7 -0.124884 0.376726
./directory/kplr003346501_kasoc-psd_llc_v2.fits   4296.0 2.10451 20.79 2.683 0.0412307 0.301957
./directory/kplr003346779_kasoc-psd_llc_v1.fits   4524.67 2.16393 22.2 3.014 0.0190567 0.140255
./directory/kplr003347054_kasoc-psd_llc_v1.fits   4623.01 2.25611 19.71 2.605 -0.0403957 0.243127
./directory/kplr003348070_kasoc-psd_llc_v1.fits   4850.83 2.84629 97.13 8.615 -0.103319 0.292891
./directory/kplr003355015_kasoc-psd_llc_v1.fits   4817.13 2.46632 26.98 3.45 -0.443311 0.522379
./directory/kplr003356643_kasoc-psd_llc_v1.fits   4658.84 2.65793 61.61 5.965 -0.0407987 0.386071
./directory/kplr003424105_kasoc-psd_llc_v1.fits   4599.46 2.69066 51.63 5.16 -0.0434812 0.446105
./directory/kplr003424384_kasoc-psd_llc_v1.fits   4754.54 2.63156 27.81 3.908 0.182546 0.167366
./directory/kplr003425044_kasoc-psd_llc_v1.fits   4540.73 2.63311 54.7 5.734 0.121091 0.283351
./directory/kplr003425217_kasoc-psd_llc_v1.fits   4527.54 2.75152 73.23 6.855 0.0872779 0.427866
./directory/kplr003425476_kasoc-psd_llc_v1.fits   4827.46 2.48467 40.02 4.457 0.00583948 0.259924
./directory/kplr003426673_kasoc-psd_llc_v1.fits   4793.32 3.09596 176.4 13.475 -0.0651086 0.529478
./directory/kplr003426898_kasoc-psd_llc_v1.fits   4795.51 2.80336 64.1 6.525 0.0232122 0.127342
./directory/kplr003427629_kasoc-psd_llc_v1.fits   4534.21 2.43126 31.1 3.814 0.0726227 0.347962
./directory/kplr003427850_kasoc-psd_llc_v1.fits   4782.43 2.3574 27.09 3.483 -0.0325724 0.228053
./directory/kplr003428530_kasoc-psd_llc_v1.fits   4769.53 3.10765 192.47 15.033 -0.117152 0.201788
./directory/kplr003429176_kasoc-psd_llc_v1.fits   4593.73 2.59298 46.65 4.965 0.0510746 0.263217
./directory/kplr003429364_kasoc-psd_llc_v1.fits   4797.63 3.11425 208.44 16.439 -0.0228093 0.181597
./directory/kplr003429738_kasoc-psd_llc_v1.fits   4632.09 2.68873 56.55 5.887 0.0459834 0.199388
./directory/kplr003432802_kasoc-psd_llc_v1.fits   4841.09 3.0118 143.43 11.52 -0.210617 0.468063
./directory/kplr003438609_kasoc-psd_llc_v1.fits   5070.74 2.68574 82.9 6.795 -0.188027 0.473213
./directory/kplr003439353_kasoc-psd_llc_v1.fits   4794.91 2.83075 84.77 7.583 -0.0851076 0.307876
./directory/kplr003439356_kasoc-psd_llc_v1.fits   4803.48 2.95449 110.65 9.346 -0.204546 0.379014
./directory/kplr003439466_kasoc-psd_llc_v1.fits   4884.07 2.50399 29.43 3.688 0.1652 0.147817
./directory/kplr003440249_kasoc-psd_llc_v1.fits   4734.67 2.61546 51.06 5.511 -0.036242 0.250949
./directory/kplr003441184_kasoc-psd_llc_v1.fits   4697.92 2.5039 43.76 4.946 0.0844678 0.145538
./directory/kplr003441207_kasoc-psd_llc_v1.fits   4857.51 3.13627 182.28 14.288 -0.11098 0.36457
./directory/kplr003441473_kasoc-psd_llc_v1.fits   4625.05 2.50557 56.18 5.881 0.0405861 0.133543
./directory/kplr003443483_kasoc-psd_llc_v1.fits   4866.26 3.06304 131.68 10.664 -0.191482 0.408798
./directory/kplr003444029_kasoc-psd_llc_v1.fits   4781.64 2.76414 64.72 6.145 -0.0716113 0.27389
./directory/kplr003444374_kasoc-psd_llc_v1.fits   4581.2 2.61898 56.43 5.745 -0.039221 0.262246
./directory/kplr003445572_kasoc-psd_llc_v1.fits   4830.87 2.47673 38.55 4.287 -0.136903 0.343017
./directory/kplr003448729_kasoc-psd_llc_v1.fits   4735.04 2.30954 25.12 3.431 0.133423 0.181103
./directory/kplr003449870_kasoc-psd_llc_v1.fits   4831.14 2.91301 109.52 9.291 -0.0490215 0.369746
./directory/kplr003449907_kasoc-psd_llc_v1.fits   4714.39 2.6208 53.08 5.34 -0.0667588 0.390801
./directory/kplr003453419_kasoc-psd_llc_v1.fits   4765.34 2.51213 45.37 4.618 -0.118892 0.417098
./directory/kplr003454626_kasoc-psd_llc_v1.fits   4685.88 3.02736 120.56 10.151 0.0744698 0.393774
./directory/kplr003455760_kasoc-psd_llc_v1.fits   4591.6 2.54169 48.32 4.86 0.061344 0.320348
./directory/kplr003455843_kasoc-psd_llc_v1.fits   4694.08 2.38648 27.71 3.193 -0.0896286 0.370314
./directory/kplr003456449_kasoc-psd_llc_v1.fits   4975.12 2.5783 54.44 5.332 -0.146115 0.346265
./directory/kplr003457618_kasoc-psd_llc_v1.fits   4647.7 2.45534 34.81 3.629 -0.149917 0.533803
./directory/kplr003458097_kasoc-psd_llc_v1.fits   4924.89 2.763 72.93 6.298 -0.155023 0.327597
./directory/kplr003525541_kasoc-psd_llc_v1.fits   4804.8 2.37795 25.98 3.703 0.135116 0.184886
./directory/kplr003526061_kasoc-psd_llc_v1.fits   4770.27 2.96606 128.74 10.677 -0.0801601 0.372552
./directory/kplr003526625_kasoc-psd_llc_v1.fits   4730.83 2.49481 34.06 4.177 0.0495954 0.231401
./directory/kplr003526995_kasoc-psd_llc_v1.fits   4758.64 2.56387 35.54 4.192 -0.121663 0.408187
./directory/kplr003527032_kasoc-psd_llc_v1.fits   4783.41 2.65175 42.64 4.568 -0.112224 0.274636
./directory/kplr003527891_kasoc-psd_llc_v1.fits   4606.8 2.45459 30.75 3.556 -0.071237 0.304991
./directory/kplr003528656_kasoc-psd_llc_v1.fits   4551.28 2.2155 20.97 2.683 -0.0358918 0.362695
./directory/kplr003529097_kasoc-psd_llc_v1.fits   4657.25 2.46983 32.99 3.986 0.0418577 0.336762
./directory/kplr003529276_kasoc-psd_llc_v1.fits   4828.35 2.70909 58.27 5.638 -0.164986 0.288964
./directory/kplr003529480_kasoc-psd_llc_v1.fits   4781.43 2.48029 43.7 4.585 -0.0693935 0.38292
./directory/kplr003529597_kasoc-psd_llc_v1.fits   4876.33 2.56611 51.72 4.897 -0.140192 0.421178
./directory/kplr003530942_kasoc-psd_llc_v1.fits   4787.96 2.71716 56.0 5.7 -0.197903 0.395427
./directory/kplr003531436_kasoc-psd_llc_v1.fits   5074.02 3.18404 176.63 13.582 -0.154902 0.444468
./directory/kplr003532085_kasoc-psd_llc_v1.fits   4703.46 2.87895 104.49 9.47 -0.00545141 0.217501
./directory/kplr003532113_kasoc-psd_llc_v1.fits   4672.43 2.59241 46.43 4.906 -0.0936029 0.24421
./directory/kplr003532734_kasoc-psd_llc_v1.fits   4925.42 3.095 147.29 11.775 -0.136493 0.273387
./directory/kplr003533464_kasoc-psd_llc_v1.fits   4858.86 3.15642 192.74 14.764 -0.0789555 0.363054
./directory/kplr003533480_kasoc-psd_llc_v1.fits   4712.28 2.38693 27.07 3.625 0.108912 0.152532
./directory/kplr003539408_kasoc-psd_llc_v1.fits   4959.33 3.07566 114.57 9.522 -0.176811 0.276909
./directory/kplr003539429_kasoc-psd_llc_v1.fits   4723.73 2.94574 113.15 9.858 0.0303183 0.32809
./directory/kplr003541631_kasoc-psd_llc_v1.fits   4844.13 2.34391 25.58 3.573 -0.0382054 0.199098
./directory/kplr003541897_kasoc-psd_llc_v1.fits   5040.21 2.48162 46.08 4.572 -0.0820957 0.391559
./directory/kplr003543433_kasoc-psd_llc_v1.fits   4418.39 2.02613 9.75 1.468 -0.104189 0.267221
./directory/kplr003543722_kasoc-psd_llc_v1.fits   4384.73 2.08163 18.29 2.506 0.0910593 0.189579
./directory/kplr003543887_kasoc-psd_llc_v1.fits   4724.07 2.60593 44.45 4.913 -0.00891366 0.154639
./directory/kplr003544637_kasoc-psd_llc_v1.fits   4756.62 2.42735 32.26 3.957 0.0451465 0.124936
./directory/kplr003544887_kasoc-psd_llc_v1.fits   4923.9 2.4533 31.57 3.841 0.0253785 0.253171
./directory/kplr003545033_kasoc-psd_llc_v1.fits   4683.13 2.88508 79.89 7.196 -0.0105066 0.415962
./directory/kplr003545147_kasoc-psd_llc_v1.fits   4700.95 2.67155 55.31 5.283 -0.14417 0.32691
./directory/kplr003546046_kasoc-psd_llc_v1.fits   4835.64 3.14584 179.67 14.02 -0.0857173 0.368685
./directory/kplr003547041_kasoc-psd_llc_v1.fits   4644.25 2.87458 103.77 8.991 -0.0239269 0.498656
./directory/kplr003547236_kasoc-psd_llc_v1.fits   4787.93 3.05269 136.95 11.398 -0.122519 0.298931
./directory/kplr003547488_kasoc-psd_llc_v1.fits   4656.47 2.75603 73.34 6.864 -0.022268 0.330966
./directory/kplr003548732_kasoc-psd_llc_v1.fits   4666.34 2.56445 44.48 4.357 -0.16093 0.3495
./directory/kplr003553319_kasoc-psd_llc_v1.fits   4835.16 2.77085 60.84 5.527 -0.169124 0.442736
./directory/kplr003553529_kasoc-psd_llc_v1.fits   4724.48 2.91272 112.7 9.179 -0.110456 0.542594
./directory/kplr003555292_kasoc-psd_llc_v1.fits   4903.9 2.61869 56.88 5.342 -0.0922526 0.339567
./directory/kplr003555594_kasoc-psd_llc_v1.fits   4740.01 2.64837 69.36 6.495 -0.178371 0.435139
./directory/kplr003556801_kasoc-psd_llc_v1.fits   4538.61 2.62058 59.1 6.014 0.0995372 0.236334
./directory/kplr003559502_kasoc-psd_llc_v1.fits   4603.42 2.77569 75.28 7.036 -0.0151498 0.44074
./directory/kplr003560093_kasoc-psd_llc_v1.fits   5065.73 2.70652 83.57 7.145 -0.10882 0.35897
./directory/kplr003560181_kasoc-psd_llc_v1.fits   4616.57 2.4016 32.1 3.898 0.0157149 0.315758
./directory/kplr003629684_kasoc-psd_llc_v1.fits   4743.31 2.81425 68.6 6.507 -0.0541952 0.329152
./directory/kplr003631092_kasoc-psd_llc_v1.fits   5026.94 3.24439 191.62 13.964 -0.135289 0.310371
./directory/kplr003631402_kasoc-psd_llc_v1.fits   4821.52 2.57825 47.63 4.885 -0.142831 0.393709
./directory/kplr003631821_kasoc-psd_llc_v1.fits   4949.19 2.5223 58.14 5.573 -0.171244 0.260176
./directory/kplr003633057_kasoc-psd_llc_v1.fits   4796.29 2.64845 50.83 5.217 -0.082391 0.271068
./directory/kplr003633152_kasoc-psd_llc_v1.fits   4530.1 2.3478 33.85 4.007 0.087775 0.212874
./directory/kplr003633751_kasoc-psd_llc_v1.fits   5078.18 3.19091 178.92 13.56 -0.211752 0.310658
./directory/kplr003634224_kasoc-psd_llc_v1.fits   4692.34 2.82502 96.79 8.581 -0.124576 0.423364
./directory/kplr003634488_kasoc-psd_llc_v1.fits   4968.8 3.25348 231.49 17.447 -0.115137 0.157133
./directory/kplr003634720_kasoc-psd_llc_v1.fits   4863.17 2.51979 36.96 3.858 -0.0395258 0.367253
./directory/kplr003641504_kasoc-psd_llc_v1.fits   5039.79 3.04534 96.56 8.864 -0.0719874 0.254096
./directory/kplr003642038_kasoc-psd_llc_v1.fits   4710.86 2.55033 40.87 4.275 -0.136358 0.283852
./directory/kplr003642135_kasoc-psd_llc_v1.fits   5019.39 2.58079 51.0 4.939 -0.143608 0.427512
./directory/kplr003642837_kasoc-psd_llc_v1.fits   4717.17 2.74021 88.01 8.024 -0.0523722 0.412531
./directory/kplr003644958_kasoc-psd_llc_v1.fits   4975.03 3.03606 111.36 9.29 -0.186724 0.298096
./directory/kplr003645589_kasoc-psd_llc_v1.fits   4788.65 3.08123 158.12 12.64 -0.0195681 0.427409
./directory/kplr003646127_kasoc-psd_llc_v1.fits   4745.74 2.6233 50.31 5.203 -0.0568656 0.31031
./directory/kplr003646628_kasoc-psd_llc_v1.fits   4745.05 2.38222 26.84 3.581 0.114475 0.074602
./directory/kplr003647215_kasoc-psd_llc_v1.fits   4778.91 2.96234 136.71 11.838 0.0817209 0.181797
./directory/kplr003651360_kasoc-psd_llc_v1.fits   4740.46 2.41282 28.99 3.497 -0.107078 0.363972
./directory/kplr003654437_kasoc-psd_llc_v1.fits   4956.55 2.59497 69.67 6.189 -0.265367 0.405043
./directory/kplr003654897_kasoc-psd_llc_v1.fits   4417.17 1.96195 8.9 1.382 -0.0993805 0.259444
./directory/kplr003656231_kasoc-psd_llc_v1.fits   4769.06 2.44949 37.97 4.25 -0.110858 0.295922
./directory/kplr003656240_kasoc-psd_llc_v1.fits   5084.88 2.74966 100.0 8.113 -0.103112 0.303538
./directory/kplr003658812_kasoc-psd_llc_v1.fits   4570.08 2.16462 17.12 2.419 -0.086194 0.249983
./directory/kplr003660374_kasoc-psd_llc_v1.fits   4680.08 2.63903 48.46 4.903 -0.10125 0.349386
./directory/kplr003660498_kasoc-psd_llc_v1.fits   4621.59 2.61337 57.81 6.114 0.00757296 0.137099
./directory/kplr003660554_kasoc-psd_llc_v1.fits   4899.64 2.42869 39.34 4.442 -0.147701 0.318399
./directory/kplr003660976_kasoc-psd_llc_v1.fits   5025.43 2.46508 40.03 3.877 -0.26755 0.4845
./directory/kplr003661266_kasoc-psd_llc_v1.fits   4713.61 2.59674 43.65 4.613 -0.0617972 0.283285
./directory/kplr003661494_kasoc-psd_llc_v1.fits   4841.81 2.87886 87.94 8.355 -0.0397842 0.17663
./directory/kplr003663047_kasoc-psd_llc_v1.fits   4647.41 2.61039 54.2 5.666 -0.024951 0.302938
./directory/kplr003663200_kasoc-psd_llc_v1.fits   5035.31 2.68447 92.47 7.603 -0.182012 0.411398
./directory/kplr003727412_kasoc-psd_llc_v1.fits   4785.9 2.36266 32.57 3.977 -0.0738818 0.299518
./directory/kplr003728936_kasoc-psd_llc_v1.fits   4926.55 2.51151 43.82 4.567 -0.0916012 0.369169
./directory/kplr003729799_kasoc-psd_llc_v1.fits   4728.69 2.53197 37.38 4.156 -0.116042 0.290888
./directory/kplr003730689_kasoc-psd_llc_v1.fits   4826.65 2.54374 45.22 4.598 -0.120307 0.479293
./directory/kplr003730854_kasoc-psd_llc_v1.fits   4549.58 2.54732 43.14 4.595 0.0290176 0.317386
./directory/kplr003733028_kasoc-psd_llc_v1.fits   4964.92 3.23573 176.84 13.235 -0.149924 0.353876
./directory/kplr003734104_kasoc-psd_llc_v1.fits   4641.52 2.64732 58.22 5.85 0.0131594 0.324441
./directory/kplr003735269_kasoc-psd_llc_v1.fits   4644.32 2.46995 36.2 4.131 -0.0396636 0.270404
./directory/kplr004383388_kasoc-psd_llc_v1.fits   4601.07 2.5297 46.29 4.859 -0.0278938 0.371388
./directory/kplr004479314_kasoc-psd_llc_v1.fits   4573.78 2.22895 19.41 2.275 -0.201225 0.312825
./directory/kplr004480358_kasoc-psd_llc_v1.fits   4507.76 1.96216 9.06 1.544 0.0205916 0.183685
./directory/kplr004481622_kasoc-psd_llc_v1.fits   4592.67 2.25152 14.71 1.991 -0.0613164 0.314553
./directory/kplr004575396_kasoc-psd_llc_v1.fits   4654.15 2.2218 18.21 2.693 -0.0142187 0.184953
./directory/kplr004575420_kasoc-psd_llc_v1.fits   4759.65 2.80513 64.02 6.062 -0.0971372 0.315351
./directory/kplr004577048_kasoc-psd_llc_v1.fits   4709.65 2.64999 49.11 5.114 -0.137725 0.449635
./directory/kplr004578246_kasoc-psd_llc_v1.fits   4989.02 2.64135 81.12 6.899 -0.232987 0.516383
./directory/kplr004578488_kasoc-psd_llc_v1.fits   4619.16 2.55376 48.37 5.285 -0.0353341 0.157413
./directory/kplr004579125_kasoc-psd_llc_v1.fits   4593.1 2.58404 61.23 6.255 0.023006 0.281292
./directory/kplr004667909_kasoc-psd_llc_v1.fits   4764.2 2.99911 139.71 11.548 -0.0581296 0.298318
./directory/kplr004669118_kasoc-psd_llc_v1.fits   4788.16 3.04813 142.03 11.81 -0.0703399 0.301479
./directory/kplr004669400_kasoc-psd_llc_v1.fits   4605.29 2.52483 45.15 4.906 -0.0395736 0.234371
./directory/kplr004671738_kasoc-psd_llc_v1.fits   4943.69 2.67773 82.91 6.959 -0.185551 0.590139
./directory/kplr004757638_kasoc-psd_llc_v1.fits   4589.23 2.62895 54.94 5.682 -0.0428231 0.175668
./directory/kplr004758222_kasoc-psd_llc_v1.fits   4619.93 2.4033 24.9 3.02 -0.0751442 0.255535
./directory/kplr004762423_kasoc-psd_llc_v1.fits   4680.63 2.62007 56.32 5.69 -0.0166049 0.356115
./directory/kplr004763631_kasoc-psd_llc_v1.fits   4729.95 2.97066 144.22 11.802 -0.0321169 0.414436
./directory/kplr004850315_kasoc-psd_llc_v1.fits   5016.98 2.66059 75.17 6.519 -0.173833 0.526197
./directory/kplr004850790_kasoc-psd_llc_v1.fits   4678.58 2.55308 51.14 5.592 0.0657793 0.153768
./directory/kplr004851832_kasoc-psd_llc_v1.fits   4620.94 2.59692 60.59 6.178 -0.0037424 0.226648
./directory/kplr004851948_kasoc-psd_llc_v1.fits   4713.12 2.68507 55.03 5.417 -0.110508 0.357052
./directory/kplr004852302_kasoc-psd_llc_v1.fits   4631.18 2.31122 24.24 3.454 0.102114 0.294078
./directory/kplr004852480_kasoc-psd_llc_v1.fits   4683.66 2.62316 47.02 4.781 -0.0551521 0.383256
./directory/kplr004932311_kasoc-psd_llc_v1.fits   4531.26 2.6689 48.92 5.098 0.0548881 0.360136
./directory/kplr004933594_kasoc-psd_llc_v1.fits   4688.76 2.41794 34.39 4.147 3.79384e-05 0.296262
./directory/kplr004934147_kasoc-psd_llc_v1.fits   4639.42 2.5437 44.34 4.853 -0.0355692 0.265999
./directory/kplr004934550_kasoc-psd_llc_v1.fits   4949.63 3.16913 198.5 14.82 -0.18688 0.32583
./directory/kplr004936438_kasoc-psd_llc_v1.fits   4849.33 3.00861 117.81 9.708 -0.115882 0.308008
./directory/kplr004937257_kasoc-psd_llc_v1.fits   4754.06 2.42692 34.41 4.125 0.00292706 0.285975
./directory/kplr004937576_kasoc-psd_llc_v1.fits   4632.51 2.4499 33.61 3.565 -0.0763074 0.375659
./directory/kplr004937784_kasoc-psd_llc_v1.fits   4648.0 2.65756 59.76 5.944 -0.00429238 0.349578
./directory/kplr005021453_kasoc-psd_llc_v1.fits   4713.05 2.48995 31.78 4.03 0.0783808 0.0226494
./directory/kplr005022571_kasoc-psd_llc_v1.fits   4972.06 2.6256 61.13 5.431 -0.163196 0.533594
./directory/kplr005022741_kasoc-psd_llc_v1.fits   4564.92 2.57117 54.53 5.696 0.0612665 0.250998
./directory/kplr005023732_kasoc-psd_llc_v1.fits   4580.68 2.37283 27.42 3.115 -0.0873237 0.37459
./directory/kplr005023889_kasoc-psd_llc_v1.fits   4619.55 2.64237 53.77 5.367 -0.0559821 0.361554
./directory/kplr005023953_kasoc-psd_llc_v1.fits   4866.36 2.54468 49.43 4.768 -0.142185 0.461685
./directory/kplr005024043_kasoc-psd_llc_v1.fits   4749.87 2.58368 56.17 5.589 -0.152224 0.275036
./directory/kplr005025021_kasoc-psd_llc_v1.fits   4651.52 2.54445 47.85 5.032 -0.0605073 0.285344
./directory/kplr005025895_kasoc-psd_llc_v1.fits   4886.41 3.08323 130.46 10.232 -0.172644 0.442716
./directory/kplr005107886_kasoc-psd_llc_v1.fits   5001.79 2.68996 110.25 9.343 -0.093643 0.267527
./directory/kplr005107950_kasoc-psd_llc_v1.fits   4716.2 2.50501 44.1 4.983 0.073577 -0.0489889
./directory/kplr005109052_kasoc-psd_llc_v1.fits   4686.82 2.74663 88.74 8.427 0.0822234 0.252221
./directory/kplr005110961_kasoc-psd_llc_v1.fits   4740.07 2.70194 51.31 5.18 -0.171886 0.382824
./directory/kplr005111949_kasoc-psd_llc_v1.fits   4782.72 2.51912 47.91 4.926 -0.0926445 0.316054
./directory/kplr005112072_kasoc-psd_llc_v1.fits   4906.12 2.66854 125.22 10.026 -0.123834 0.339996
./directory/kplr005112361_kasoc-psd_llc_v1.fits   4843.62 2.56449 69.47 6.181 0.0694276 0.651371
./directory/kplr005112373_kasoc-psd_llc_v1.fits   4795.7 2.49589 44.2 4.646 -0.090672 0.358618
./directory/kplr005112387_kasoc-psd_llc_v1.fits   4801.01 2.53537 46.02 4.727 -0.0585444 0.281883
./directory/kplr005112401_kasoc-psd_llc_v1.fits   4810.45 2.44805 36.51 4.057 -0.10617 0.4204
./directory/kplr005112467_kasoc-psd_llc_v1.fits   4830.82 2.4735 45.7 4.703 -0.100397 0.413613
./directory/kplr005112730_kasoc-psd_llc_v1.fits   4810.87 2.49852 44.21 4.572 -0.0944459 0.367784
./directory/kplr005112744_kasoc-psd_llc_v1.fits   4690.35 2.56068 44.4 4.413 -0.120069 0.36852
./directory/kplr005112786_kasoc-psd_llc_v1.fits   4285.54 1.85818 7.86 1.162 -0.0411962 0.329051
./directory/kplr005112880_kasoc-psd_llc_v1.fits   4638.13 2.49773 25.73 2.8 -0.00851478 0.365818
./directory/kplr005112938_kasoc-psd_llc_v1.fits   4852.38 2.50056 45.45 4.828 -0.080688 0.393073
./directory/kplr005112948_kasoc-psd_llc_v1.fits   4774.25 2.50742 41.98 4.285 -0.025398 0.377046
./directory/kplr005112950_kasoc-psd_llc_v1.fits   4805.15 2.49273 42.58 4.352 -0.0564217 0.311928
./directory/kplr005113041_kasoc-psd_llc_v1.fits   4691.91 2.40207 37.32 3.979 -0.0945075 0.371737
./directory/kplr005113910_kasoc-psd_llc_v1.fits   4469.68 1.93877 7.32 1.245 -0.0935909 0.322641
./directory/kplr005193912_kasoc-psd_llc_v1.fits   4646.2 2.58762 68.97 6.952 0.00585771 0.220894
./directory/kplr005196152_kasoc-psd_llc_v1.fits   4793.51 2.81507 79.03 7.341 -0.143404 0.305146
./directory/kplr005196300_kasoc-psd_llc_v1.fits   4834.85 3.21014 207.58 15.136 -0.0601638 0.542334
./directory/kplr005282875_kasoc-psd_llc_v1.fits   4949.31 2.52041 46.02 4.731 -0.124028 0.235342
./directory/kplr005283798_kasoc-psd_llc_v1.fits   4833.64 2.54446 55.51 5.378 -0.222109 0.353321
./directory/kplr005283958_kasoc-psd_llc_v1.fits   4956.66 2.59655 54.7 5.301 -0.129709 0.257801
./directory/kplr005284127_kasoc-psd_llc_v1.fits   4630.63 2.45167 34.08 3.943 0.028691 0.424427
./directory/kplr005284948_kasoc-psd_llc_v1.fits   4936.43 3.07565 154.08 12.576 -0.0812717 0.269258
./directory/kplr005285490_kasoc-psd_llc_v1.fits   4890.09 2.81481 88.21 7.614 -0.254024 0.491636
./directory/kplr005287034_kasoc-psd_llc_v1.fits   4834.34 3.02567 152.39 12.2 -0.0906323 0.424927
./directory/kplr005287065_kasoc-psd_llc_v1.fits   4836.34 3.13577 165.91 12.351 -0.170744 0.598506
./directory/kplr005287610_kasoc-psd_llc_v1.fits   4590.01 2.66157 60.73 6.163 0.0329089 0.171307
./directory/kplr005287706_kasoc-psd_llc_v1.fits   5153.16 2.69326 101.2 7.903 -0.0532721 0.511768
./directory/kplr005288607_kasoc-psd_llc_v1.fits   4880.54 2.57264 58.49 5.721 -0.140122 0.467848
./directory/kplr005288716_kasoc-psd_llc_v1.fits   4832.96 2.42341 36.02 4.231 -0.178808 0.268272
./directory/kplr005289571_kasoc-psd_llc_v1.fits   4638.75 2.31255 22.7 2.863 -0.0820665 0.264044
./directory/kplr005290071_kasoc-psd_llc_v1.fits   4967.27 2.52454 38.2 4.352 -0.0305739 0.291643
./directory/kplr005370902_kasoc-psd_llc_v1.fits   4794.48 2.91269 120.01 10.109 -0.0695522 0.394953
./directory/kplr005371124_kasoc-psd_llc_v1.fits   4987.92 3.22831 220.67 17.483 0.10639 0.0143926
./directory/kplr005371173_kasoc-psd_llc_v1.fits   4634.85 2.50291 45.78 5.095 0.034834 0.164485
./directory/kplr005371202_kasoc-psd_llc_v1.fits   4697.73 2.61757 47.93 5.036 -0.0338044 0.245351
./directory/kplr005371626_kasoc-psd_llc_v1.fits   4459.76 2.24638 20.59 2.547 -0.107606 0.335504
./directory/kplr005371756_kasoc-psd_llc_v1.fits   4963.08 2.65215 117.98 10.008 -0.105483 0.269377
./directory/kplr005372374_kasoc-psd_llc_v1.fits   4546.86 2.67098 63.87 6.29 0.0248784 0.313713
./directory/kplr005373278_kasoc-psd_llc_v1.fits   4603.74 2.62305 56.95 5.748 -0.0676162 0.373041
./directory/kplr005376348_kasoc-psd_llc_v1.fits   4211.79 1.9413 14.36 2.022 0.0987409 0.342903
./directory/kplr005450937_kasoc-psd_llc_v1.fits   4838.23 2.84328 84.2 8.0 0.0260605 0.203472
./directory/kplr005451290_kasoc-psd_llc_v1.fits   4892.05 2.39595 33.19 3.929 -0.051059 0.240015
./directory/kplr005455901_kasoc-psd_llc_v1.fits   4954.93 2.45478 34.98 4.157 -0.0123874 0.221078
./directory/kplr005456086_kasoc-psd_llc_v1.fits   4670.42 2.6421 56.15 5.423 -0.116067 0.426763
./directory/kplr005457518_kasoc-psd_llc_v1.fits   4947.46 3.10785 161.26 12.883 -0.118977 0.310233
./directory/kplr005457811_kasoc-psd_llc_v1.fits   4378.22 2.41937 31.58 3.582 0.0546628 0.3442
./directory/kplr005541499_kasoc-psd_llc_v1.fits   4370.25 1.98534 14.58 2.08 -0.0484554 0.230568
./directory/kplr005542222_kasoc-psd_llc_v1.fits   4628.73 2.61277 47.99 4.802 -0.100311 0.416399
./directory/kplr005543289_kasoc-psd_llc_v1.fits   4813.5 2.61182 54.77 5.83 -0.0274855 0.223344
./directory/kplr005622780_kasoc-psd_llc_v1.fits   4594.63 2.6483 55.52 5.617 0.01919 0.307347
./directory/kplr005623097_kasoc-psd_llc_v1.fits   4840.79 3.2554 241.2 17.305 -0.0301872 0.534586
./directory/kplr005623391_kasoc-psd_llc_v1.fits   5021.4 3.10921 134.82 10.792 -0.116702 0.231518
./directory/kplr005623444_kasoc-psd_llc_v1.fits   4750.26 2.94458 132.53 11.429 0.0849133 0.246351
./directory/kplr005623569_kasoc-psd_llc_v1.fits   4659.3 2.38584 29.75 3.9 0.15502 0.18784
./directory/kplr005630175_kasoc-psd_llc_v1.fits   4661.27 2.47499 44.32 4.946 -0.0651931 0.205231
./directory/kplr005706341_kasoc-psd_llc_v1.fits   5091.75 2.66396 86.7 7.097 -0.201896 0.430764
./directory/kplr005709265_kasoc-psd_llc_v1.fits   4746.99 2.64038 46.61 4.989 -0.0338147 0.187264
./directory/kplr005709564_kasoc-psd_llc_v1.fits   4685.88 2.37726 27.13 3.659 0.125408 0.122638
./directory/kplr005709667_kasoc-psd_llc_v1.fits   4790.24 2.87583 91.75 8.111 -0.0797856 0.318775
./directory/kplr005780614_kasoc-psd_llc_v1.fits   4985.65 3.10063 171.5 13.489 -0.127312 0.339198
./directory/kplr005780782_kasoc-psd_llc_v1.fits   4345.0 2.05683 10.8 1.629 -0.0470648 0.3281
./directory/kplr005780828_kasoc-psd_llc_v1.fits   4545.2 2.65311 60.55 6.02 0.0389593 0.416661
./directory/kplr005781782_kasoc-psd_llc_v1.fits   4823.12 2.47425 37.98 4.286 -0.088212 0.286231
./directory/kplr005781901_kasoc-psd_llc_v1.fits   4570.64 2.50098 43.96 4.713 -0.0281167 0.403418
./directory/kplr005782127_kasoc-psd_llc_v1.fits   4800.2 2.37416 28.74 3.593 -0.111599 0.342541
./directory/kplr005782671_kasoc-psd_llc_v1.fits   4511.88 2.2671 21.68 2.636 -0.101425 0.343232
./directory/kplr005782792_kasoc-psd_llc_v1.fits   4720.36 2.36856 31.84 4.032 -0.0537699 0.245002
./directory/kplr005784094_kasoc-psd_llc_v1.fits   4602.53 2.34246 23.68 2.83 -0.109172 0.336398
./directory/kplr005785268_kasoc-psd_llc_v1.fits   4726.82 2.8974 93.97 8.309 0.0217714 0.428536
./directory/kplr005785710_kasoc-psd_llc_v1.fits   4452.54 2.08851 14.92 2.196 0.128397 0.0984367
./directory/kplr005788354_kasoc-psd_llc_v1.fits   4906.95 2.43399 37.22 4.18 -0.105372 0.318898
./directory/kplr005791045_kasoc-psd_llc_v1.fits   4650.6 2.88201 109.2 9.704 0.00998777 0.324634
./directory/kplr005791135_kasoc-psd_llc_v1.fits   4784.65 2.58562 44.39 4.341 -0.0529992 0.416611
./directory/kplr005791844_kasoc-psd_llc_v1.fits   4879.77 2.54229 54.04 5.225 -0.166098 0.378272
./directory/kplr005791889_kasoc-psd_llc_v1.fits   4887.23 2.99902 122.63 9.729 -0.144656 0.519144
./directory/kplr005792421_kasoc-psd_llc_v1.fits   4896.97 2.47761 44.21 4.683 -0.129256 0.259684
./directory/kplr005793427_kasoc-psd_llc_v1.fits   4901.1 2.99476 103.24 8.87 -0.0730386 0.18236
./directory/kplr005794100_kasoc-psd_llc_v1.fits   4676.77 2.44466 34.95 4.147 -0.00912894 0.348103
./directory/kplr005795250_kasoc-psd_llc_v1.fits   4713.13 2.64885 50.81 5.155 -0.132624 0.396846
./directory/kplr005795626_kasoc-psd_llc_v1.fits   4995.82 2.46028 37.89 4.493 0.0628248 0.164599
./directory/kplr005801446_kasoc-psd_llc_v1.fits   4825.52 2.33483 25.93 3.742 0.0711249 0.186135
./directory/kplr005802797_kasoc-psd_llc_v1.fits   4887.26 3.04339 131.58 10.919 -0.14701 0.36545
./directory/kplr005806522_kasoc-psd_llc_v1.fits   4613.58 2.67277 58.44 5.91 0.0284933 0.326306
./directory/kplr005809445_kasoc-psd_llc_v1.fits   4918.34 2.50104 35.83 3.769 -0.103996 0.433904
./directory/kplr005810333_kasoc-psd_llc_v1.fits   4701.44 2.3611 29.89 3.952 0.0846956 0.202189
./directory/kplr005811766_kasoc-psd_llc_v1.fits   4720.23 2.58965 45.1 4.403 -0.116971 0.387919
./directory/kplr005812955_kasoc-psd_llc_v1.fits   4803.16 2.64005 69.75 7.163 0.00391948 -0.00934744
./directory/kplr005816923_kasoc-psd_llc_v1.fits   4834.19 2.79864 73.71 6.522 -0.187736 0.362854
./directory/kplr005817028_kasoc-psd_llc_v1.fits   5020.28 2.46706 30.16 3.434 -0.256916 0.652774
./directory/kplr005820359_kasoc-psd_llc_v1.fits   4860.31 2.92149 125.31 10.198 -0.159426 0.436394
./directory/kplr005822232_kasoc-psd_llc_v1.fits   4669.71 2.47578 33.53 3.888 0.0371621 0.347981
./directory/kplr005822936_kasoc-psd_llc_v1.fits   4778.24 2.53766 42.99 4.532 -0.140343 0.331607
./directory/kplr005854149_kasoc-psd_llc_v1.fits   4765.44 2.51302 39.45 4.362 -0.0757347 0.325278
./directory/kplr005855568_kasoc-psd_llc_v1.fits   4837.6 2.38212 35.61 4.252 -0.07869 0.38759
./directory/kplr005856737_kasoc-psd_llc_v1.fits   4744.71 3.01717 142.59 12.034 -0.0242311 0.309041
./directory/kplr005857548_kasoc-psd_llc_v1.fits   4872.12 2.3995 31.74 4.124 -0.028673 0.227062
./directory/kplr005857724_kasoc-psd_llc_v1.fits   4386.39 2.12086 16.23 2.327 0.0679547 0.0561267
./directory/kplr005858034_kasoc-psd_llc_v1.fits   4908.5 2.47959 38.73 4.418 -0.185112 0.280668
./directory/kplr005858641_kasoc-psd_llc_v1.fits   4243.14 1.8011 8.89 1.404 0.0135382 0.285791
./directory/kplr005858947_kasoc-psd_llc_v1.fits   5002.15 3.13008 168.93 14.533 -0.0457143 -0.099773
./directory/kplr005859492_kasoc-psd_llc_v1.fits   4626.22 2.61827 35.8 4.039 -0.0343247 0.379723
./directory/kplr005860093_kasoc-psd_llc_v1.fits   4649.17 2.65165 50.53 5.551 0.0572052 0.0852272
./directory/kplr005866138_kasoc-psd_llc_v1.fits   4998.05 2.72069 88.96 7.253 -0.205054 0.470676
./directory/kplr005866537_kasoc-psd_llc_v1.fits   4802.09 2.89652 103.82 8.946 -0.0626675 0.274464
./directory/kplr005866737_kasoc-psd_llc_v1.fits   4866.84 2.82156 66.62 6.511 -0.0783697 0.296616
./directory/kplr005866945_kasoc-psd_llc_v1.fits   4789.0 2.86681 90.98 8.015 -0.0490731 0.431953
./directory/kplr005867450_kasoc-psd_llc_v1.fits   4719.96 3.20292 166.21 13.111 0.0993349 0.322574
./directory/kplr005867990_kasoc-psd_llc_v1.fits   4803.09 2.84729 88.28 7.924 -0.0956243 0.339766
./directory/kplr005869293_kasoc-psd_llc_v1.fits   4590.36 2.55614 51.67 5.37 -0.0574382 0.232223
./directory/kplr005869538_kasoc-psd_llc_v1.fits   5014.35 3.19347 200.91 15.545 -0.0729306 0.200662
./directory/kplr005869785_kasoc-psd_llc_v1.fits   4992.06 3.22486 225.41 16.773 -0.0980383 0.227572
./directory/kplr005872236_kasoc-psd_llc_v1.fits   4840.19 2.40495 32.0 4.04 -0.0163644 0.201794
./directory/kplr005872509_kasoc-psd_llc_v1.fits   4803.64 2.44012 38.8 4.33 -0.176155 0.303765
./directory/kplr005876758_kasoc-psd_llc_v1.fits   4914.5 2.44157 34.94 4.131 -0.0821201 0.230054
./directory/kplr005879728_kasoc-psd_llc_v1.fits   4879.17 2.45763 37.18 3.924 -0.0675947 0.306767
./directory/kplr005882005_kasoc-psd_llc_v1.fits   4816.36 2.76283 81.51 7.44 -0.143823 0.295007
./directory/kplr005882210_kasoc-psd_llc_v1.fits   4914.12 2.99422 137.58 11.058 -0.149363 0.326237
./directory/kplr005891982_kasoc-psd_llc_v1.fits   4823.77 2.65776 40.57 4.441 -0.0618999 0.182755
./directory/kplr005893765_kasoc-psd_llc_v1.fits   4805.3 2.83845 65.28 6.405 -0.0438368 0.214453
./directory/kplr005893926_kasoc-psd_llc_v1.fits   4698.87 2.65147 46.41 4.802 -0.118584 0.341406
./directory/kplr005894271_kasoc-psd_llc_v1.fits   4866.57 3.07803 168.23 14.057 0.0282924 0.23065
./directory/kplr005896480_kasoc-psd_llc_v1.fits   4864.85 2.43045 35.52 4.254 -0.088656 0.298476
./directory/kplr005899642_kasoc-psd_llc_v1.fits   4962.78 3.02734 120.07 10.014 -0.133989 0.275051
./directory/kplr005905655_kasoc-psd_llc_v1.fits   4380.26 1.99831 13.18 1.919 -0.0551028 0.298607
./directory/kplr005905736_kasoc-psd_llc_v1.fits   4788.66 2.91279 91.57 7.869 -0.0815591 0.460907
./directory/kplr005905907_kasoc-psd_llc_v1.fits   4890.02 2.96854 120.71 10.948 -0.0675491 0.13721
./directory/kplr005906289_kasoc-psd_llc_v1.fits   4377.31 1.8752 9.79 1.39 -0.164672 0.358508
./directory/kplr005937398_kasoc-psd_llc_v1.fits   4767.59 2.86908 119.16 10.499 0.0719028 0.239395
./directory/kplr005938430_kasoc-psd_llc_v1.fits   4606.95 2.62209 58.96 5.929 0.0455003 0.289972
./directory/kplr005940060_kasoc-psd_llc_v1.fits   4624.55 2.57436 52.78 5.674 0.017844 0.183203
./directory/kplr005940068_kasoc-psd_llc_v1.fits   4641.0 2.77082 90.88 8.341 0.00292134 0.226244
./directory/kplr005940587_kasoc-psd_llc_v1.fits   4910.6 2.92364 103.3 9.005 -0.177228 0.334552
./directory/kplr005943345_kasoc-psd_llc_v1.fits   4895.35 2.59318 52.38 4.688 -0.107081 0.439669
./directory/kplr005943448_kasoc-psd_llc_v1.fits   4607.56 2.45057 37.22 4.353 -0.0282356 0.215025
./directory/kplr005944493_kasoc-psd_llc_v1.fits   5040.73 2.48804 32.08 3.948 -0.0879335 0.379237
./directory/kplr005950668_kasoc-psd_llc_v1.fits   4278.67 1.95165 11.6 1.687 -0.015381 0.264413
./directory/kplr005952890_kasoc-psd_llc_v1.fits   4623.74 2.50888 50.28 5.253 -0.0101088 0.159009
./directory/kplr005953450_kasoc-psd_llc_v1.fits   5054.19 2.98333 140.87 12.715 -0.267548 -0.347578
./directory/kplr005953709_kasoc-psd_llc_v1.fits   5088.98 2.66729 90.33 7.28 -0.0357671 0.37777
./directory/kplr005954815_kasoc-psd_llc_v1.fits   4793.5 3.06867 156.44 12.575 -0.00156337 0.461127
./directory/kplr005956977_kasoc-psd_llc_v1.fits   4786.44 2.60544 58.77 5.757 0.0812209 0.279349
./directory/kplr005959615_kasoc-psd_llc_v1.fits   4698.78 2.39263 28.47 3.557 -0.0433118 0.284329
./directory/kplr005961015_kasoc-psd_llc_v1.fits   4939.56 3.03956 45.72 4.318 0.111565 0.432355
./directory/kplr005962031_kasoc-psd_llc_v1.fits   4333.34 1.945 12.59 1.884 0.0813373 0.193882
./directory/kplr005962451_kasoc-psd_llc_v1.fits   4801.73 2.86079 92.45 8.165 -0.125187 0.366123
./directory/kplr005962470_kasoc-psd_llc_v1.fits   4846.95 2.48287 37.1 4.357 -0.199613 0.399927
./directory/kplr005964042_kasoc-psd_llc_v1.fits   4819.15 2.66587 50.74 5.452 0.0275691 0.161807
./directory/kplr005964634_kasoc-psd_llc_v1.fits   4964.67 2.2866 28.18 3.767 0.0184029 0.259035
./directory/kplr005965040_kasoc-psd_llc_v1.fits   4773.93 2.50608 43.88 4.387 -0.164714 0.392456
./directory/kplr005966386_kasoc-psd_llc_v1.fits   4895.78 2.53152 55.38 5.288 -0.180489 0.381821
./directory/kplr005967194_kasoc-psd_llc_v1.fits   4771.42 3.09752 167.19 13.013 -0.0771085 0.472927
./directory/kplr005976238_kasoc-psd_llc_v1.fits   4817.56 2.50768 48.67 4.897 -0.231923 0.347127
./directory/kplr005976798_kasoc-psd_llc_v1.fits   4953.23 2.56193 52.32 5.069 -0.15731 0.3524
./directory/kplr005977341_kasoc-psd_llc_v1.fits   5049.82 2.70931 96.67 7.644 -0.209344 0.451066
./directory/kplr005977508_kasoc-psd_llc_v1.fits   4720.51 2.52394 45.62 4.67 -0.116268 0.464642
./directory/kplr005981329_kasoc-psd_llc_v1.fits   4880.36 2.46834 40.05 4.404 -0.0860888 0.265633
./directory/kplr005981666_kasoc-psd_llc_v1.fits   5064.43 2.73524 92.61 7.599 -0.179052 0.451798
./directory/kplr005981697_kasoc-psd_llc_v1.fits   4864.62 2.44805 37.0 4.337 -0.176984 0.331666
./directory/kplr005983299_kasoc-psd_llc_v1.fits   4902.21 2.60218 63.54 5.789 -0.241445 0.459435
./directory/kplr006024360_kasoc-psd_llc_v1.fits   4866.34 2.41596 31.05 3.991 -0.0343728 0.224768
./directory/kplr006025031_kasoc-psd_llc_v1.fits   4576.22 2.56513 58.22 5.92 -0.04193 0.308114
./directory/kplr006025641_kasoc-psd_llc_v1.fits   4757.86 2.96975 121.55 9.853 -0.0396249 0.522334
./directory/kplr006026188_kasoc-psd_llc_v1.fits   4594.71 2.53913 52.77 5.623 -0.0750041 0.179211
./directory/kplr006026983_kasoc-psd_llc_v1.fits   4707.1 2.81622 85.11 7.687 -0.0356579 0.444655
./directory/kplr006033938_kasoc-psd_llc_v1.fits   4803.27 3.11202 162.82 13.266 -0.0416413 0.241552
./directory/kplr006034166_kasoc-psd_llc_v1.fits   4686.84 2.993 107.51 8.998 -0.00285131 0.469666
./directory/kplr006037102_kasoc-psd_llc_v1.fits   4660.46 2.55576 52.89 5.246 -0.0450304 0.261068
./directory/kplr006037660_kasoc-psd_llc_v1.fits   4716.04 2.43044 30.92 3.869 0.11133 0.20417
./directory/kplr006037811_kasoc-psd_llc_v1.fits   4897.67 2.45912 41.4 4.546 -0.126912 0.282908
./directory/kplr006037858_kasoc-psd_llc_v1.fits   4755.43 2.49131 44.04 4.593 -0.145089 0.377891
./directory/kplr006038302_kasoc-psd_llc_v1.fits   4630.77 2.682 62.32 6.105 -0.0113998 0.425747
./directory/kplr006041223_kasoc-psd_llc_v1.fits   4613.75 2.56126 53.85 5.515 0.0152564 0.28469
./directory/kplr006041575_kasoc-psd_llc_v1.fits   4479.08 1.9518 16.17 2.355 0.046628 0.154551
./directory/kplr006043187_kasoc-psd_llc_v1.fits   4663.69 2.65528 63.38 6.25 -0.0464361 0.245601
./directory/kplr006044054_kasoc-psd_llc_v1.fits   4717.0 2.66527 72.4 7.263 0.0619127 0.0952897
./directory/kplr006045299_kasoc-psd_llc_v1.fits   4501.01 2.37004 26.5 3.453 0.0838167 0.312766
./directory/kplr006045509_kasoc-psd_llc_v1.fits   4543.42 2.73148 66.99 6.43 -0.0146511 0.427615
./directory/kplr006047339_kasoc-psd_llc_v1.fits   4593.89 2.29913 20.27 2.605 -0.131842 0.260848
./directory/kplr006047683_kasoc-psd_llc_v1.fits   4836.68 2.43133 34.54 4.033 -0.129038 0.283892
./directory/kplr006048862_kasoc-psd_llc_v1.fits   4991.15 2.46096 37.99 4.108 -0.0588063 0.332902
./directory/kplr006049459_kasoc-psd_llc_v1.fits   4607.35 2.2939 18.47 2.257 -0.158387 0.350323
./directory/kplr006058104_kasoc-psd_llc_v1.fits   4988.23 3.12477 175.24 14.168 -0.151622 0.306648
./directory/kplr006058941_kasoc-psd_llc_v1.fits   4900.19 2.89987 99.77 9.221 -0.0595382 0.212317
./directory/kplr006060867_kasoc-psd_llc_v1.fits   4790.68 2.74475 66.12 6.267 -0.160739 0.274081
./directory/kplr006060903_kasoc-psd_llc_v1.fits   4852.71 2.45578 34.51 4.024 -0.133009 0.319641
./directory/kplr006061867_kasoc-psd_llc_v1.fits   4843.36 2.9541 112.31 9.957 -0.0691426 0.224225
./directory/kplr006063745_kasoc-psd_llc_v1.fits   4722.33 2.75487 72.81 7.252 0.0460678 0.16188
./directory/kplr006067314_kasoc-psd_llc_v1.fits   4981.58 2.68539 89.5 7.533 -0.285467 0.401263
./directory/kplr006067958_kasoc-psd_llc_v1.fits   4277.9 2.14291 17.17 2.311 0.0516974 0.326617
./directory/kplr006070366_kasoc-psd_llc_v1.fits   5060.8 2.65454 72.64 5.941 -0.173951 0.519599
./directory/kplr006070419_kasoc-psd_llc_v1.fits   4883.67 2.9335 112.53 9.726 -0.131441 0.325439
./directory/kplr006100524_kasoc-psd_llc_v1.fits   4738.59 2.73982 86.08 8.275 0.000551879 0.213171
./directory/kplr006100831_kasoc-psd_llc_v1.fits   4719.16 2.32774 26.15 3.524 0.148828 0.224278
./directory/kplr006101471_kasoc-psd_llc_v1.fits   4886.5 2.85709 105.7 9.173 -0.237435 0.439065
./directory/kplr006103082_kasoc-psd_llc_v1.fits   4908.95 3.13373 218.74 16.279 -0.200106 0.400204
./directory/kplr006103934_kasoc-psd_llc_v1.fits   4824.73 2.94603 99.8 8.4 -0.224163 0.357187
./directory/kplr006104786_kasoc-psd_llc_v1.fits   4934.27 3.15942 167.96 13.901 -0.0530611 0.125775
./directory/kplr006106895_kasoc-psd_llc_v1.fits   4823.4 2.43306 31.24 3.876 -0.00953659 0.26951
./directory/kplr006114108_kasoc-psd_llc_v1.fits   4623.78 2.82731 87.85 7.978 -0.0429448 0.406641
./directory/kplr006114507_kasoc-psd_llc_v1.fits   4483.59 2.2152 24.08 3.012 -0.0305743 0.252168
./directory/kplr006115575_kasoc-psd_llc_v1.fits   4625.89 2.66354 48.26 4.836 -0.142961 0.401989
./directory/kplr006116517_kasoc-psd_llc_v1.fits   4612.03 2.91846 116.89 10.038 -0.0283616 0.327215
./directory/kplr006117196_kasoc-psd_llc_v1.fits   4711.6 2.9235 116.27 10.226 0.0515654 0.243383
./directory/kplr006117517_kasoc-psd_llc_v1.fits   4687.52 2.94334 118.59 10.076 -0.048078 0.439124
./directory/kplr006118479_kasoc-psd_llc_v1.fits   4792.53 2.77635 63.26 5.938 -0.147063 0.313107
./directory/kplr006118670_kasoc-psd_llc_v1.fits   4829.16 3.01831 132.57 11.118 -0.0691766 0.29246
./directory/kplr006118789_kasoc-psd_llc_v1.fits   4557.65 2.49297 47.1 4.993 -0.010107 0.368045
./directory/kplr006119774_kasoc-psd_llc_v1.fits   4847.99 2.90565 111.78 9.613 -0.178249 0.314631
./directory/kplr006122562_kasoc-psd_llc_v1.fits   4825.74 2.41544 33.34 4.012 -0.0414774 0.336641
./directory/kplr006122627_kasoc-psd_llc_v1.fits   4836.72 2.44212 42.69 4.481 -0.0729733 0.266373
./directory/kplr006122692_kasoc-psd_llc_v1.fits   4663.91 2.36703 44.94 4.79 -0.0480733 0.284922
./directory/kplr006123202_kasoc-psd_llc_v1.fits   4600.98 2.61083 54.18 5.44 0.014651 0.325361
./directory/kplr006125862_kasoc-psd_llc_v1.fits   4778.88 2.70706 38.12 4.202 -0.130302 0.355398
./directory/kplr006126808_kasoc-psd_llc_v1.fits   4791.8 3.0946 162.94 12.97 -0.0937092 0.370755
./directory/kplr006127825_kasoc-psd_llc_v1.fits   4998.76 2.70652 107.79 8.479 -0.150582 0.378148
./directory/kplr006128337_kasoc-psd_llc_v1.fits   4687.08 2.83376 68.16 6.539 0.0520714 0.272624
./directory/kplr006128428_kasoc-psd_llc_v1.fits   4814.73 2.52892 47.22 4.762 -0.116172 0.372438
./directory/kplr006128774_kasoc-psd_llc_v1.fits   4986.36 2.55251 45.28 4.765 -0.106044 0.244406
./directory/kplr006128903_kasoc-psd_llc_v1.fits   4636.4 2.71716 75.04 7.321 0.0597351 0.179872
./directory/kplr006129411_kasoc-psd_llc_v1.fits   5079.11 2.67052 88.06 7.168 -0.179901 0.412529
./directory/kplr006129581_kasoc-psd_llc_v1.fits   4806.62 2.51549 47.0 4.804 -0.124087 0.426123
./directory/kplr006130405_kasoc-psd_llc_v1.fits   4678.19 2.55899 50.27 5.104 -0.165172 0.390548
./directory/kplr006130752_kasoc-psd_llc_v1.fits   5127.8 2.69809 89.94 7.507 -0.239585 0.455535
./directory/kplr006139471_kasoc-psd_llc_v1.fits   5053.87 3.31794 243.72 16.815 -0.222931 0.296689
./directory/kplr006139561_kasoc-psd_llc_v1.fits   4779.97 2.65886 97.93 7.996 0.0376714 0.372197
./directory/kplr006140030_kasoc-psd_llc_v1.fits   4785.96 2.49583 38.53 4.367 -0.130482 0.309318
./directory/kplr006140132_kasoc-psd_llc_v1.fits   4726.22 2.56101 35.71 3.816 -0.147477 0.287583
./directory/kplr006140748_kasoc-psd_llc_v1.fits   4613.7 2.43631 30.93 4.001 0.0307989 0.273212
./directory/kplr006140947_kasoc-psd_llc_v1.fits   4897.04 2.51522 46.86 4.757 -0.228946 0.346784
./directory/kplr006141488_kasoc-psd_llc_v1.fits   5047.11 3.22399 194.74 14.421 -0.140238 0.339152
./directory/kplr006142229_kasoc-psd_llc_v1.fits   5055.15 2.65448 89.76 7.343 -0.230418 0.356072
./directory/kplr006142932_kasoc-psd_llc_v1.fits   4678.07 2.5879 41.64 4.311 -0.146601 0.362339
./directory/kplr006144777_kasoc-psd_llc_v1.fits   4753.56 2.99534 128.25 10.955 -0.103845 0.331545
./directory/kplr006153373_kasoc-psd_llc_v1.fits   4956.4 2.7216 86.23 7.057 -0.152192 0.520828
./directory/kplr006181896_kasoc-psd_llc_v1.fits   4969.74 2.88074 70.59 6.477 -0.0624847 0.267519
./directory/kplr006183311_kasoc-psd_llc_v1.fits   4862.2 2.43751 34.3 4.11 -0.0433017 0.254616
./directory/kplr006185317_kasoc-psd_llc_v1.fits   4795.46 2.94098 111.2 9.83 0.0160171 0.208909
./directory/kplr006186435_kasoc-psd_llc_v1.fits   4531.55 2.41518 33.64 4.0 0.0362258 0.388912
./directory/kplr006188215_kasoc-psd_llc_v1.fits   4983.11 3.01418 112.3 8.739 -0.304461 0.465649
./directory/kplr006188269_kasoc-psd_llc_v1.fits   4861.44 2.57458 64.67 5.648 -0.106128 0.287602
./directory/kplr006191190_kasoc-psd_llc_v1.fits   4976.91 2.94388 121.89 10.428 -0.194837 0.398483
./directory/kplr006191288_kasoc-psd_llc_v1.fits   4626.98 2.33162 25.31 3.173 -0.0615571 0.283797
./directory/kplr006192043_kasoc-psd_llc_v1.fits   5034.99 2.71229 110.28 8.451 -0.300501 0.519059
./directory/kplr006192431_kasoc-psd_llc_v1.fits   4716.58 2.45931 35.1 4.137 0.0371598 0.317319
./directory/kplr006196149_kasoc-psd_llc_v1.fits   4647.89 2.37373 28.88 3.681 0.125849 0.209139
./directory/kplr006196950_kasoc-psd_llc_v1.fits   4977.79 3.17694 214.44 16.812 -0.10214 0.24815
./directory/kplr006197448_kasoc-psd_llc_v1.fits   4728.25 2.68303 50.45 4.927 -0.219508 0.623692
./directory/kplr006198476_kasoc-psd_llc_v1.fits   4851.78 2.90933 75.02 6.751 -0.0809405 0.238063
./directory/kplr006198581_kasoc-psd_llc_v1.fits   4820.05 2.4853 41.98 4.569 -0.106923 0.363407
./directory/kplr006200178_kasoc-psd_llc_v1.fits   4884.69 2.82582 79.0 6.953 -0.290843 0.364027
./directory/kplr006200565_kasoc-psd_llc_v1.fits   4805.92 2.46619 37.29 4.09 -0.0904402 0.262574
./directory/kplr006201050_kasoc-psd_llc_v1.fits   4711.34 2.59038 52.77 5.434 -0.0485172 0.270451
./directory/kplr006203503_kasoc-psd_llc_v1.fits   4762.49 2.39054 29.53 4.033 0.162594 0.142084
./directory/kplr006207510_kasoc-psd_llc_v1.fits   4692.32 2.95945 96.11 8.486 -0.0127195 0.488078
./directory/kplr006208018_kasoc-psd_llc_v1.fits   4908.5 3.23645 241.58 18.132 -0.143753 0.316697
./directory/kplr006208344_kasoc-psd_llc_v1.fits   4856.86 2.50408 48.36 4.908 -0.164809 0.321021
./directory/kplr006208846_kasoc-psd_llc_v1.fits   4434.28 1.93213 10.7 1.524 -0.167782 0.325918
./directory/kplr006209377_kasoc-psd_llc_v1.fits   4734.79 2.45695 50.64 5.208 -0.0373297 0.277649
./directory/kplr006209759_kasoc-psd_llc_v1.fits   4939.19 2.48619 41.08 4.441 -0.0920656 0.282692
./directory/kplr006210900_kasoc-psd_llc_v1.fits   4642.81 2.4437 44.05 4.492 -0.0198355 0.376525
./directory/kplr006211965_kasoc-psd_llc_v1.fits   4602.73 2.73296 70.78 6.782 -0.0459504 0.391473
./directory/kplr006212600_kasoc-psd_llc_v1.fits   4824.38 3.06633 155.28 11.947 -0.164447 0.576123
./directory/kplr006212708_kasoc-psd_llc_v1.fits   4963.59 2.92742 73.2 6.678 -0.00252566 0.366449
./directory/kplr006212838_kasoc-psd_llc_v1.fits   4724.2 2.82259 80.88 7.958 0.00874844 0.221988
./directory/kplr006221641_kasoc-psd_llc_v1.fits   4911.61 2.48747 43.02 4.642 -0.129408 0.236412
./directory/kplr006222262_kasoc-psd_llc_v1.fits   4758.36 2.47304 46.98 4.679 -0.0805681 0.342874
./directory/kplr006222355_kasoc-psd_llc_v1.fits   4793.17 2.47016 39.06 4.378 -0.0265599 0.379977
./directory/kplr006222530_kasoc-psd_llc_v1.fits   4900.99 3.2634 236.24 17.09 -0.0607747 0.387941
./directory/kplr006225344_kasoc-psd_llc_v1.fits   4699.16 2.88527 102.29 9.241 0.020197 0.223429
./directory/kplr006225660_kasoc-psd_llc_v1.fits   4654.7 2.55624 39.61 4.233 -0.119695 0.337475
./directory/kplr006228364_kasoc-psd_llc_v1.fits   4667.38 2.60773 65.29 6.61 0.0411111 0.159431
./directory/kplr006228590_kasoc-psd_llc_v1.fits   4805.54 3.03552 140.63 11.847 -0.0791443 0.206106
./directory/kplr006231096_kasoc-psd_llc_v1.fits   4878.59 2.61198 108.57 9.351 -0.00911185 0.260225
./directory/kplr006231237_kasoc-psd_llc_v1.fits   4708.98 2.45283 29.49 3.906 0.179306 0.184436
./directory/kplr006232858_kasoc-psd_llc_v1.fits   4771.06 2.54552 50.16 4.955 -0.122314 0.411966
./directory/kplr006232914_kasoc-psd_llc_v1.fits   4990.14 2.60891 67.51 6.062 -0.187702 0.339858
./directory/kplr006262706_kasoc-psd_llc_v1.fits   4835.57 2.81857 59.31 5.696 -0.104301 0.223149
./directory/kplr006262867_kasoc-psd_llc_v1.fits   4542.15 2.35865 30.48 3.75 0.0394434 0.147407
./directory/kplr006263410_kasoc-psd_llc_v1.fits   5038.83 2.74728 106.17 8.299 -0.217899 0.375901
./directory/kplr006264398_kasoc-psd_llc_v1.fits   4757.82 2.40639 31.49 4.025 -0.0327735 0.117631
./directory/kplr006266772_kasoc-psd_llc_v1.fits   4569.94 2.4725 43.95 4.678 -0.0499172 0.314681
./directory/kplr006267800_kasoc-psd_llc_v1.fits   5029.51 2.8418 197.77 14.587 -0.129739 0.300011
./directory/kplr006271732_kasoc-psd_llc_v1.fits   4835.73 2.42739 32.0 4.054 -0.0226712 0.292604
./directory/kplr006271877_kasoc-psd_llc_v1.fits   4623.28 2.45657 47.58 5.262 0.0613633 0.138425
./directory/kplr006271966_kasoc-psd_llc_v1.fits   4861.75 3.10255 155.71 12.763 -0.0634129 0.260161
./directory/kplr006272933_kasoc-psd_llc_v1.fits   4659.02 2.5875 40.44 4.184 -0.0931765 0.535209
./directory/kplr006272964_kasoc-psd_llc_v1.fits   4611.75 2.36366 27.83 3.615 0.0623003 0.0990993
./directory/kplr006273063_kasoc-psd_llc_v1.fits   4514.43 2.43375 31.64 3.667 0.0616186 0.440975
./directory/kplr006273090_kasoc-psd_llc_v1.fits   4971.64 3.2581 233.13 16.053 -0.130248 0.412792
./directory/kplr006276645_kasoc-psd_llc_v1.fits   4857.24 2.8778 97.38 8.744 -0.0859507 0.275383
./directory/kplr006276898_kasoc-psd_llc_v1.fits   4939.74 2.54703 46.27 4.531 -0.229204 0.464026
./directory/kplr006276948_kasoc-psd_llc_v1.fits   4968.8 2.70383 91.19 7.399 -0.32044 0.54939
./directory/kplr006277049_kasoc-psd_llc_v1.fits   4727.61 2.70785 64.43 6.26 -0.0718163 0.335379
./directory/kplr006277741_kasoc-psd_llc_v1.fits   4321.09 2.27534 24.33 3.003 0.0695051 0.316269
./directory/kplr006279068_kasoc-psd_llc_v1.fits   4733.1 2.47629 47.78 5.014 -0.000394527 0.20006
./directory/kplr006279491_kasoc-psd_llc_v1.fits   4722.91 2.38869 27.86 3.771 0.136582 0.167572
./directory/kplr006280472_kasoc-psd_llc_v1.fits   5018.24 3.16108 204.21 15.817 -0.190898 0.386002
./directory/kplr006280589_kasoc-psd_llc_v1.fits   4667.31 2.70473 67.29 6.59 -0.0422814 0.187098
./directory/kplr006280936_kasoc-psd_llc_v1.fits   4777.55 2.49774 43.2 4.603 -0.0119355 0.407358
./directory/kplr006283618_kasoc-psd_llc_v1.fits   4560.57 2.76722 58.68 5.796 0.0914412 0.358642
./directory/kplr006283995_kasoc-psd_llc_v1.fits   4862.84 3.15563 197.58 14.806 -0.0613539 0.535763
./directory/kplr006284459_kasoc-psd_llc_v1.fits   4709.63 2.44326 38.06 4.252 -0.016399 0.265327
./directory/kplr006286142_kasoc-psd_llc_v1.fits   4333.28 1.99175 12.44 1.812 -0.00758374 0.314189
./directory/kplr006287950_kasoc-psd_llc_v1.fits   4635.84 2.41892 35.82 4.099 -0.00126499 0.514859
./directory/kplr006288543_kasoc-psd_llc_v1.fits   4879.04 2.42875 24.83 3.462 0.00573468 0.217486
./directory/kplr006289002_kasoc-psd_llc_v1.fits   4897.55 2.97496 128.59 11.1 -0.0937792 0.268651
./directory/kplr006303699_kasoc-psd_llc_v1.fits   4917.13 2.8885 104.03 9.053 -0.157371 0.332749
./directory/kplr006304676_kasoc-psd_llc_v1.fits   4839.17 2.89847 90.82 7.762 -0.131583 0.339497
./directory/kplr006304807_kasoc-psd_llc_v1.fits   4794.4 3.12969 197.57 14.935 -0.0699195 0.471259
./directory/kplr006304895_kasoc-psd_llc_v1.fits   4906.85 2.58192 48.64 4.751 -0.104398 0.425692
./directory/kplr006307578_kasoc-psd_llc_v1.fits   4881.44 2.49232 35.15 4.064 -0.119007 0.295973
./directory/kplr006308068_kasoc-psd_llc_v1.fits   4220.56 1.75423 6.75 1.146 -0.0845519 0.391621
./directory/kplr006309307_kasoc-psd_llc_v1.fits   5025.78 2.60534 72.4 6.299 0.110464 0.357044
./directory/kplr006309488_kasoc-psd_llc_v1.fits   4923.29 2.57104 58.88 5.273 -0.303244 0.535026
./directory/kplr006309549_kasoc-psd_llc_v1.fits   4813.15 2.86951 73.31 6.732 -0.174884 0.210566
./directory/kplr006311518_kasoc-psd_llc_v1.fits   4672.06 2.73119 29.82 3.364 -0.00740839 0.307915
./directory/kplr006312478_kasoc-psd_llc_v1.fits   4624.92 2.68385 63.21 6.335 -0.0473589 0.184587
./directory/kplr006313603_kasoc-psd_llc_v1.fits   4874.41 2.51283 38.64 4.476 -0.0882418 0.312338
./directory/kplr006341990_kasoc-psd_llc_v1.fits   4676.44 2.95114 125.26 10.838 0.0245023 0.304725
./directory/kplr006343222_kasoc-psd_llc_v1.fits   4607.65 2.78892 78.34 7.355 -0.00766498 0.276758
./directory/kplr006345145_kasoc-psd_llc_v1.fits   4715.24 2.4517 47.22 4.825 -0.0594171 0.280485
./directory/kplr006345456_kasoc-psd_llc_v1.fits   4768.32 2.94706 130.57 11.17 -0.120305 0.179265
./directory/kplr006345474_kasoc-psd_llc_v1.fits   4702.82 2.42932 32.97 4.137 -0.0178861 0.318803
./directory/kplr006346443_kasoc-psd_llc_v1.fits   4810.46 2.43306 36.11 4.239 -0.12364 0.28985
./directory/kplr006347518_kasoc-psd_llc_v1.fits   4941.24 2.90654 107.24 9.275 -0.143552 0.293528
./directory/kplr006350696_kasoc-psd_llc_v1.fits   4847.76 3.14221 187.59 14.235 -0.0812162 0.436584
./directory/kplr006350918_kasoc-psd_llc_v1.fits   4959.2 2.39116 32.64 4.178 0.0477901 0.17271
./directory/kplr006352802_kasoc-psd_llc_v1.fits   4818.56 2.7935 76.82 7.168 -0.117622 0.249138
./directory/kplr006356581_kasoc-psd_llc_v1.fits   4958.21 2.70171 110.58 8.5 -0.209672 0.454168
./directory/kplr006357879_kasoc-psd_llc_v1.fits   4969.8 2.49415 42.84 4.626 -0.0777861 0.212227
./directory/kplr006358455_kasoc-psd_llc_v1.fits   4531.05 2.71735 70.19 6.676 0.0652758 0.40186
./directory/kplr006358570_kasoc-psd_llc_v1.fits   4229.08 1.57335 4.98 0.853 -0.0253903 0.269146
./directory/kplr006358695_kasoc-psd_llc_v1.fits   4742.79 2.93174 105.88 9.249 -0.0114876 0.355685
./directory/kplr006359105_kasoc-psd_llc_v1.fits   4695.47 2.52197 48.91 5.096 -0.0976753 0.326712
./directory/kplr006359454_kasoc-psd_llc_v1.fits   4951.08 2.99715 147.61 12.367 -0.0941018 0.256068
./directory/kplr006359890_kasoc-psd_llc_v1.fits   4792.03 2.83252 94.83 8.523 -0.122503 0.344347
./directory/kplr006360104_kasoc-psd_llc_v1.fits   4726.98 2.73066 82.34 8.042 0.0849589 0.139586
./directory/kplr006363090_kasoc-psd_llc_v1.fits   4819.15 2.47 42.63 4.616 -0.0354701 0.319929
./directory/kplr006363109_kasoc-psd_llc_v1.fits   4656.91 2.66516 55.27 5.475 0.00701611 0.335564
./directory/kplr006363338_kasoc-psd_llc_v1.fits   4834.91 2.52307 40.16 4.476 -0.137259 0.349661
./directory/kplr006365511_kasoc-psd_llc_v1.fits   4788.83 2.76126 76.44 7.686 0.114669 0.00838307
./directory/kplr006365867_kasoc-psd_llc_v1.fits   4877.78 2.39985 27.31 3.751 -0.0139891 0.261766
./directory/kplr006367815_kasoc-psd_llc_v1.fits   4835.17 2.56289 42.03 4.393 -0.165979 0.440131
./directory/kplr006368363_kasoc-psd_llc_v1.fits   4619.83 2.51352 48.33 5.294 0.0860774 0.199627
./directory/kplr006368800_kasoc-psd_llc_v1.fits   4853.51 2.53535 50.97 5.099 -0.163406 0.292024
./directory/kplr006369548_kasoc-psd_llc_v1.fits   4767.02 2.97354 116.46 9.882 -0.11418 0.42036
./directory/kplr006369774_kasoc-psd_llc_v1.fits   4631.35 2.58776 48.35 5.052 -0.0957155 0.320917
./directory/kplr006370549_kasoc-psd_llc_v1.fits   4415.0 1.9662 10.76 1.64 -0.0979272 0.313013
./directory/kplr006371008_kasoc-psd_llc_v1.fits   4628.67 2.354 30.19 3.811 0.0777671 0.311911
./directory/kplr006371141_kasoc-psd_llc_v1.fits   5061.96 2.58565 72.24 5.995 -0.242283 0.566047
./directory/kplr006372328_kasoc-psd_llc_v1.fits   4792.91 2.41462 43.01 4.547 -0.15592 0.42389
./directory/kplr006380975_kasoc-psd_llc_v1.fits   4802.81 3.03552 152.54 12.464 -0.106276 0.406274
./directory/kplr006384492_kasoc-psd_llc_v1.fits   4538.93 2.44697 32.88 3.757 -0.0043882 0.307339
./directory/kplr006385325_kasoc-psd_llc_v1.fits   4843.3 2.58277 53.46 5.067 -0.17263 0.39406
./directory/kplr006385953_kasoc-psd_llc_v1.fits   4698.61 2.86491 88.56 7.826 -0.0678995 0.488353
./directory/kplr006390781_kasoc-psd_llc_v1.fits   4580.17 2.36764 24.12 2.783 -0.0975805 0.299008
./directory/kplr006391933_kasoc-psd_llc_v1.fits   4821.42 3.08565 171.82 14.172 0.00814274 0.187771
./directory/kplr006423690_kasoc-psd_llc_v1.fits   4885.52 2.61684 34.16 4.064 -0.053415 0.432022
./directory/kplr006424157_kasoc-psd_llc_v1.fits   4765.02 2.92557 100.0 8.838 -0.0398774 0.260964
./directory/kplr006425301_kasoc-psd_llc_v1.fits   4578.19 2.60107 60.17 6.152 0.0939758 0.247448
./directory/kplr006425652_kasoc-psd_llc_v1.fits   4763.01 2.42282 29.0 3.803 0.106508 0.140344
./directory/kplr006428602_kasoc-psd_llc_v1.fits   4815.31 2.79381 88.75 8.439 0.0820023 0.118029
./directory/kplr006428974_kasoc-psd_llc_v1.fits   4785.52 2.5078 41.35 4.595 -0.123055 0.359305
./directory/kplr006429457_kasoc-psd_llc_v1.fits   4656.95 2.36749 24.17 3.16 0.0027556 0.267748
./directory/kplr006429995_kasoc-psd_llc_v1.fits   4668.22 2.60496 55.58 5.811 0.00181907 0.170489
./directory/kplr006430534_kasoc-psd_llc_v1.fits   4553.38 2.51187 28.53 3.597 0.131441 0.271851
./directory/kplr006467408_kasoc-psd_llc_v1.fits   4900.12 3.00146 128.31 11.052 -0.104777 0.261563
./directory/kplr006467645_kasoc-psd_llc_v1.fits   4833.75 2.7711 66.27 6.465 -0.0801302 0.284774
./directory/kplr006467788_kasoc-psd_llc_v1.fits   4816.26 3.06043 154.4 12.437 -0.0557341 0.425409
./directory/kplr006468506_kasoc-psd_llc_v1.fits   4781.55 2.40664 27.93 3.821 0.132303 0.156203
./directory/kplr006469446_kasoc-psd_llc_v1.fits   4823.54 2.93558 143.69 12.338 -0.0885867 0.29699
./directory/kplr006500038_kasoc-psd_llc_v1.fits   4564.88 2.5086 50.15 5.349 0.0621866 0.203938
./directory/kplr006500623_kasoc-psd_llc_v1.fits   4394.82 2.10972 14.8 2.009 -0.0636061 0.340456
./directory/kplr006501237_kasoc-psd_llc_v1.fits   4759.28 2.93448 62.72 6.147 0.0128273 0.265395
./directory/kplr006501676_kasoc-psd_llc_v1.fits   4612.16 2.60132 43.04 4.795 0.0530862 0.125875
./directory/kplr006501869_kasoc-psd_llc_v1.fits   4928.51 2.47639 32.86 4.134 -0.00513828 0.226333
./directory/kplr006502765_kasoc-psd_llc_v1.fits   4732.49 2.39665 28.55 3.734 0.181469 0.125289
./directory/kplr006502800_kasoc-psd_llc_v1.fits   4705.21 2.80964 81.1 7.534 -0.0317365 0.315128
./directory/kplr006502960_kasoc-psd_llc_v1.fits   4516.95 2.11685 15.53 2.289 0.0476724 0.104622
./directory/kplr006504840_kasoc-psd_llc_v1.fits   4690.89 2.61467 50.62 5.322 -0.0059422 0.198335
./directory/kplr006504978_kasoc-psd_llc_v1.fits   4838.23 3.17915 212.19 15.415 -0.0382038 0.47869
./directory/kplr006505025_kasoc-psd_llc_v1.fits   4779.81 2.46481 34.39 4.177 -0.0570401 0.215107
./directory/kplr006507794_kasoc-psd_llc_v1.fits   4848.95 3.25934 203.19 16.302 0.104076 0.143537
./directory/kplr006508300_kasoc-psd_llc_v1.fits   4711.83 2.48666 33.91 4.14 -0.0295318 0.341147
./directory/kplr006508328_kasoc-psd_llc_v1.fits   4660.55 2.45854 38.77 4.259 -0.0143144 0.440674
./directory/kplr006508804_kasoc-psd_llc_v1.fits   4631.77 2.6274 53.44 5.678 -0.00635663 0.0927974
./directory/kplr006508943_kasoc-psd_llc_v1.fits   4639.94 2.42688 34.36 4.109 0.0296197 0.372003
./directory/kplr006510447_kasoc-psd_llc_v1.fits   4935.87 2.46911 37.51 4.306 -0.133846 0.281434
./directory/kplr006515734_kasoc-psd_llc_v1.fits   4471.09 2.27693 26.71 3.264 0.00533773 0.371078
./directory/kplr006516242_kasoc-psd_llc_v1.fits   4999.02 2.52757 46.05 4.63 -0.000359997 0.300469
./directory/kplr006521069_kasoc-psd_llc_v1.fits   4316.82 1.86481 6.81 1.267 0.087602 0.224711
./directory/kplr006521522_kasoc-psd_llc_v1.fits   4625.42 2.82206 89.09 8.289 0.044262 0.226167
./directory/kplr006521571_kasoc-psd_llc_v1.fits   4709.46 2.6514 43.65 4.59 -0.0607947 0.206296
./directory/kplr006522571_kasoc-psd_llc_v1.fits   5017.28 2.47794 37.21 4.311 -0.0801824 0.346283
./directory/kplr006525150_kasoc-psd_llc_v1.fits   4638.04 2.41633 34.45 4.124 -0.0272772 0.341035
./directory/kplr006525916_kasoc-psd_llc_v1.fits   4736.83 2.5674 47.14 5.152 -0.0494669 0.166221
./directory/kplr006526417_kasoc-psd_llc_v1.fits   4601.53 2.73952 71.06 6.956 0.0220203 0.176444
./directory/kplr006526657_kasoc-psd_llc_v1.fits   4775.24 2.3678 25.27 3.414 0.104887 0.147341
./directory/kplr006528720_kasoc-psd_llc_v1.fits   4807.08 2.71044 44.99 4.749 -0.240298 0.402282
./directory/kplr006528942_kasoc-psd_llc_v1.fits   4919.08 2.45116 39.68 4.442 -0.210452 0.365938
./directory/kplr006530065_kasoc-psd_llc_v1.fits   5051.36 2.72092 103.11 8.208 -0.181693 0.481917
./directory/kplr006530242_kasoc-psd_llc_v1.fits   4788.02 2.51726 38.93 4.288 0.0201442 0.256957
./directory/kplr006531550_kasoc-psd_llc_v1.fits   4924.11 2.53311 44.87 4.691 -0.110287 0.308593
./directory/kplr006543282_kasoc-psd_llc_v1.fits   4710.56 2.44946 34.82 4.026 -0.0312627 0.323151
./directory/kplr006546685_kasoc-psd_llc_v1.fits   4961.05 3.0557 165.16 12.298 -0.206851 0.288049
./directory/kplr006546755_kasoc-psd_llc_v1.fits   5086.88 2.70423 85.36 7.154 -0.0839311 0.516219
./directory/kplr006547007_kasoc-psd_llc_v1.fits   4727.6 2.51773 37.4 4.523 0.0404378 0.0677598
./directory/kplr006548666_kasoc-psd_llc_v1.fits   5087.73 2.65262 64.39 5.571 -0.14912 0.37527
./directory/kplr006550823_kasoc-psd_llc_v1.fits   4644.69 2.57361 45.58 5.136 0.0614482 0.166384
./directory/kplr006551391_kasoc-psd_llc_v1.fits   4733.22 2.51015 55.17 5.656 0.0154404 0.299958
./directory/kplr006579495_kasoc-psd_llc_v1.fits   4734.66 2.79153 86.04 8.164 -0.118418 0.116532
./directory/kplr006579998_kasoc-psd_llc_v1.fits   4985.07 2.36857 31.69 4.164 0.00789738 0.265101
./directory/kplr006583850_kasoc-psd_llc_v1.fits   5117.89 2.40671 30.73 4.188 0.105152 0.132538
./directory/kplr006584091_kasoc-psd_llc_v1.fits   4697.35 2.48789 34.55 4.209 -0.0173029 0.2217
./directory/kplr006584555_kasoc-psd_llc_v1.fits   4745.74 3.09878 170.27 13.378 0.0272156 0.495709
./directory/kplr006585816_kasoc-psd_llc_v1.fits   4596.41 2.75846 63.63 5.889 0.0411044 0.491928
./directory/kplr006586554_kasoc-psd_llc_v1.fits   4843.66 2.56158 55.27 5.286 -0.232132 0.334608
./directory/kplr006587049_kasoc-psd_llc_v1.fits   4842.23 2.42687 33.66 4.09 -0.0836678 0.213203
./directory/kplr006587245_kasoc-psd_llc_v1.fits   4604.5 2.34125 24.12 2.754 -0.22394 0.27422
./directory/kplr006587665_kasoc-psd_llc_v1.fits   4754.45 2.66533 53.52 5.629 0.0159578 0.273918
./directory/kplr006590363_kasoc-psd_llc_v1.fits   4558.22 2.46475 31.64 3.632 -0.0283785 0.282738
./directory/kplr006590774_kasoc-psd_llc_v1.fits   4358.01 1.93198 15.1 2.123 0.116983 0.188673
./directory/kplr006591027_kasoc-psd_llc_v1.fits   4635.64 2.66316 55.07 5.43 -0.117387 0.398873
./directory/kplr006591336_kasoc-psd_llc_v1.fits   4339.53 2.24874 24.36 2.957 0.068196 0.31827
./directory/kplr006591762_kasoc-psd_llc_v1.fits   4388.83 1.8115 9.3 1.44 -0.0730343 0.211488
./directory/kplr006592034_kasoc-psd_llc_v1.fits   4824.75 3.01355 147.27 12.504 0.0942453 0.185836
./directory/kplr006592627_kasoc-psd_llc_v1.fits   4681.96 2.61946 45.68 4.819 -0.107528 0.346932
./directory/kplr006593240_kasoc-psd_llc_v1.fits   4805.17 2.45425 31.6 4.252 0.0404239 -0.00809827
./directory/kplr006593596_kasoc-psd_llc_v1.fits   4767.86 2.33658 28.99 4.059 0.0766176 0.199482
./directory/kplr006594505_kasoc-psd_llc_v1.fits   4876.48 2.43327 35.21 4.155 -0.0636881 0.27487
./directory/kplr006595127_kasoc-psd_llc_v1.fits   4506.32 2.46754 33.22 3.932 0.0247669 0.464355
./directory/kplr006603506_kasoc-psd_llc_v1.fits   4823.96 2.43923 32.63 4.003 0.108959 0.31621
./directory/kplr006606106_kasoc-psd_llc_v1.fits   4860.84 2.47771 32.3 3.93 -0.100067 0.313776
./directory/kplr006606904_kasoc-psd_llc_v1.fits   5010.4 2.46967 45.65 4.796 -0.078317 0.462143
./directory/kplr006609265_kasoc-psd_llc_v1.fits   4360.28 2.23219 19.68 2.428 0.0199625 0.493335
./directory/kplr006610354_kasoc-psd_llc_v1.fits   4937.18 2.55706 47.54 4.593 -0.187017 0.389993
./directory/kplr006610828_kasoc-psd_llc_v1.fits   4852.4 2.46867 35.56 4.043 -0.142035 0.281125
./directory/kplr006611219_kasoc-psd_llc_v2.fits   4639.97 1.86553 6.96 1.33 -0.309201 0.152419
./directory/kplr006612102_kasoc-psd_llc_v1.fits   4744.99 2.9627 139.36 11.758 -0.00893934 0.281833
./directory/kplr006612293_kasoc-psd_llc_v1.fits   4735.23 2.60471 43.63 4.442 -0.170165 0.337775
./directory/kplr006613293_kasoc-psd_llc_v1.fits   4861.25 2.41486 36.32 4.164 -0.151294 0.318266
./directory/kplr006613846_kasoc-psd_llc_v1.fits   4294.23 1.98856 12.29 1.747 -0.0214089 0.382057
./directory/kplr006614588_kasoc-psd_llc_v1.fits   4852.97 2.48613 41.4 4.488 -0.0902355 0.300213
./directory/kplr006615504_kasoc-psd_llc_v1.fits   4650.82 2.66801 59.2 5.895 -0.0949627 0.314262
./directory/kplr006620507_kasoc-psd_llc_v1.fits   5226.67 2.88455 180.76 13.214 0.0357029 0.281168
./directory/kplr006620987_kasoc-psd_llc_v1.fits   4521.01 2.30057 21.39 2.796 -0.0317981 0.200824
./directory/kplr006628766_kasoc-psd_llc_v1.fits   4891.63 2.56372 55.99 5.422 -0.129627 0.370143
./directory/kplr006629205_kasoc-psd_llc_v1.fits   4677.35 2.46157 37.03 3.859 0.0236642 0.192526
./directory/kplr006629315_kasoc-psd_llc_v1.fits   4852.12 2.45428 36.69 4.21 -0.0606622 0.276643
./directory/kplr006631489_kasoc-psd_llc_v1.fits   4587.42 2.31224 20.78 2.5 -0.0534672 0.315407
./directory/kplr006632882_kasoc-psd_llc_v1.fits   5009.55 2.68882 84.38 7.021 -0.27704 0.54213
./directory/kplr006633766_kasoc-psd_llc_v1.fits   4808.36 3.11603 149.78 11.807 -0.0196777 0.477953
./directory/kplr006634762_kasoc-psd_llc_v1.fits   4761.75 2.50359 43.18 4.591 -0.118752 0.454628
./directory/kplr006664431_kasoc-psd_llc_v1.fits   5064.09 2.66752 81.8 6.937 -0.176176 0.451394
./directory/kplr006664533_kasoc-psd_llc_v1.fits   4593.7 2.65496 63.4 6.228 0.032444 0.345463
./directory/kplr006664950_kasoc-psd_llc_v1.fits   4792.94 2.40016 39.68 4.418 0.129284 0.244304
./directory/kplr006665058_kasoc-psd_llc_v1.fits   4674.83 2.8893 106.81 9.736 0.0591679 0.23431
./directory/kplr006665526_kasoc-psd_llc_v1.fits   5045.29 3.23963 205.63 16.302 -0.0926279 0.171387
./directory/kplr006676885_kasoc-psd_llc_v1.fits   4636.71 2.42098 34.86 4.043 0.0395338 0.391261
./directory/kplr006677653_kasoc-psd_llc_v1.fits   5019.88 2.68451 72.54 6.082 -0.143643 0.501497
./directory/kplr006678428_kasoc-psd_llc_v1.fits   4787.68 2.43777 35.57 4.23 -0.0526434 0.282094
./directory/kplr006678432_kasoc-psd_llc_v1.fits   4564.53 2.55607 56.16 5.692 -0.00623824 0.339673
./directory/kplr006678433_kasoc-psd_llc_v1.fits   4936.87 2.9365 110.02 9.17 -0.197669 0.316911
./directory/kplr006678472_kasoc-psd_llc_v1.fits   4943.69 3.03634 123.21 10.483 -0.147816 0.319304
./directory/kplr006679278_kasoc-psd_llc_v1.fits   4730.23 2.41916 35.24 4.13 -0.0509726 0.359476
./directory/kplr006680734_kasoc-psd_llc_v1.fits   4574.54 2.16942 17.47 2.405 -0.0626771 0.207732
./directory/kplr006681414_kasoc-psd_llc_v1.fits   4625.3 2.49796 40.42 4.612 -0.0606823 0.151353
./directory/kplr006681465_kasoc-psd_llc_v1.fits   4755.42 2.39012 33.82 4.157 -0.0303468 0.239343
./directory/kplr006681565_kasoc-psd_llc_v1.fits   4693.36 2.77245 73.69 6.739 -0.0421471 0.4573
./directory/kplr006688318_kasoc-psd_llc_v1.fits   4995.88 2.72174 97.26 7.897 -0.211267 0.391733
./directory/kplr006688580_kasoc-psd_llc_v1.fits   4954.1 2.49333 37.9 4.078 0.00945901 0.294179
./directory/kplr006689398_kasoc-psd_llc_v1.fits   4621.38 2.63227 53.34 5.249 -0.0664492 0.391854
./directory/kplr006689517_kasoc-psd_llc_v1.fits   4800.19 3.12423 212.54 16.481 0.013764 0.341327
./directory/kplr006690139_kasoc-psd_llc_v1.fits   4949.87 3.01365 115.11 9.643 -0.0704661 0.265772
./directory/kplr006693329_kasoc-psd_llc_v1.fits   4601.44 2.10113 14.82 2.195 -0.047655 0.202089
./directory/kplr006695665_kasoc-psd_llc_v1.fits   5026.76 2.51717 58.95 5.508 -0.178432 0.360318
./directory/kplr006696387_kasoc-psd_llc_v1.fits   4677.08 2.72472 78.9 7.702 0.0493502 0.20326
./directory/kplr006696436_kasoc-psd_llc_v1.fits   4578.81 2.39502 25.5 3.194 -0.0388384 0.144182
./directory/kplr006700106_kasoc-psd_llc_v1.fits   4963.94 3.04853 139.31 11.334 -0.184611 0.332939
./directory/kplr006700113_kasoc-psd_llc_v1.fits   5070.89 2.6627 96.77 7.603 -0.20958 0.47139
./directory/kplr006700591_kasoc-psd_llc_v1.fits   4847.98 2.41441 35.23 4.157 -0.0718423 0.320707
./directory/kplr006701023_kasoc-psd_llc_v1.fits   4730.52 2.55456 55.71 5.987 0.123698 0.0540121
./directory/kplr006705642_kasoc-psd_llc_v1.fits   4814.75 2.54122 46.08 4.791 -0.139429 0.320051
./directory/kplr006706559_kasoc-psd_llc_v1.fits   4896.19 2.59779 60.8 5.609 -0.130447 0.361113
./directory/kplr006706980_kasoc-psd_llc_v1.fits   4968.02 3.03549 106.95 8.975 -0.170651 0.315019
./directory/kplr006707195_kasoc-psd_llc_v1.fits   4706.13 2.98545 108.61 9.474 -0.0179961 0.334769
./directory/kplr006708078_kasoc-psd_llc_v1.fits   4677.57 2.56197 48.25 5.128 0.00108048 0.302707
./directory/kplr006717307_kasoc-psd_llc_v1.fits   4808.85 2.52428 48.9 4.897 -0.183086 0.425024
./directory/kplr006718029_kasoc-psd_llc_v1.fits   4847.92 2.56353 46.34 4.741 -0.0772189 0.41716
./directory/kplr006718509_kasoc-psd_llc_v1.fits   4238.91 1.90887 11.07 1.615 0.0369108 0.302812
./directory/kplr006751420_kasoc-psd_llc_v1.fits   4696.35 2.76699 84.02 7.902 -0.0232939 0.185222
./directory/kplr006751876_kasoc-psd_llc_v1.fits   4876.5 2.42564 30.74 3.903 -0.0502272 0.30003
./directory/kplr006752116_kasoc-psd_llc_v1.fits   4729.27 2.77496 83.4 7.937 0.077728 0.154805
./directory/kplr006755373_kasoc-psd_llc_v1.fits   4667.29 2.62833 51.45 5.218 -0.0488391 0.274373
./directory/kplr006755830_kasoc-psd_llc_v1.fits   4699.53 2.47098 41.72 4.457 -0.135772 0.383318
./directory/kplr006755907_kasoc-psd_llc_v1.fits   4538.06 2.4596 43.19 4.825 0.0572679 0.226685
./directory/kplr006755958_kasoc-psd_llc_v1.fits   4794.74 2.42269 43.12 4.927 0.0672785 0.0382585
./directory/kplr006756017_kasoc-psd_llc_v1.fits   4765.09 2.42054 31.52 3.96 -0.0644111 0.263943
./directory/kplr006756579_kasoc-psd_llc_v1.fits   4974.52 2.52707 39.75 3.976 -0.118018 0.356652
./directory/kplr006756648_kasoc-psd_llc_v1.fits   5006.71 2.69109 85.55 6.708 -0.258106 0.543844
./directory/kplr006756908_kasoc-psd_llc_v1.fits   4674.17 2.40539 26.05 3.499 -0.0191657 0.242563
./directory/kplr006757332_kasoc-psd_llc_v1.fits   4665.25 2.64347 64.49 6.484 0.0853955 0.194947
./directory/kplr006757558_kasoc-psd_llc_v1.fits   4772.48 2.98353 131.47 11.207 -0.0724527 0.238303
./directory/kplr006757928_kasoc-psd_llc_v1.fits   5005.63 2.7066 95.71 7.805 -0.233546 0.390784
./directory/kplr006761651_kasoc-psd_llc_v1.fits   4984.93 3.12335 136.43 10.874 -0.151141 0.301569
./directory/kplr006762022_kasoc-psd_llc_v1.fits   4798.58 2.48763 41.02 4.442 -0.12604 0.36965
./directory/kplr006762612_kasoc-psd_llc_v1.fits   4830.57 2.48153 40.36 4.392 -0.0647517 0.604369
./directory/kplr006762849_kasoc-psd_llc_v1.fits   4267.84 1.73357 7.13 1.214 -0.0363728 0.317213
./directory/kplr006763330_kasoc-psd_llc_v1.fits   4979.2 2.45115 34.11 4.163 -0.0694441 0.345181
./directory/kplr006764026_kasoc-psd_llc_v1.fits   4737.2 2.84699 81.47 7.531 -0.101943 0.366358
./directory/kplr006764229_kasoc-psd_llc_v1.fits   4592.62 2.59753 59.24 6.062 -0.021344 0.223483
./directory/kplr006764262_kasoc-psd_llc_v1.fits   4528.9 2.66454 61.22 6.176 0.0689705 0.281979
./directory/kplr006764382_kasoc-psd_llc_v1.fits   4503.3 2.39308 29.53 3.467 -0.049286 0.353222
./directory/kplr006764685_kasoc-psd_llc_v1.fits   4730.32 2.97659 120.84 10.052 -0.0726053 0.403302
./directory/kplr006766852_kasoc-psd_llc_v1.fits   4512.84 2.17455 19.66 2.716 0.0636311 0.119023
